id,text,obfuscatedText,mechanism,epsilon
1030303,who is aziz hashim,who is aziz hashim,SanText,25
1030303,who is aziz hashim,who is aziz hashim,SanText,25
1030303,who is aziz hashim,who is aziz hashim,SanText,25
1030303,who is aziz hashim,who is aziz hashim,SanText,25
1030303,who is aziz hashim,who is aziz hashim,SanText,25
1030303,who is aziz hashim,who is aziz hashim,SanText,25
1030303,who is aziz hashim,who is aziz hashim,SanText,25
1030303,who is aziz hashim,who is aziz hashim,SanText,25
1030303,who is aziz hashim,who is aziz hashim,SanText,25
1030303,who is aziz hashim,who is aziz hashim,SanText,25
1030303,who is aziz hashim,who is aziz hashim,SanText,25
1030303,who is aziz hashim,who is aziz hashim,SanText,25
1030303,who is aziz hashim,who is aziz hashim,SanText,25
1030303,who is aziz hashim,who is aziz hashim,SanText,25
1030303,who is aziz hashim,who is aziz hashim,SanText,25
1030303,who is aziz hashim,who is aziz hashim,SanText,25
1030303,who is aziz hashim,who is aziz hashim,SanText,25
1030303,who is aziz hashim,who is aziz hashim,SanText,25
1030303,who is aziz hashim,who is aziz hashim,SanText,25
1030303,who is aziz hashim,who is aziz hashim,SanText,25
1030303,who is aziz hashim,who is aziz hashim,SanText,25
1030303,who is aziz hashim,who is aziz hashim,SanText,25
1030303,who is aziz hashim,who is aziz hashim,SanText,25
1030303,who is aziz hashim,who is aziz hashim,SanText,25
1030303,who is aziz hashim,who is aziz hashim,SanText,25
1030303,who is aziz hashim,who is aziz hashim,SanText,25
1030303,who is aziz hashim,who is aziz hashim,SanText,25
1030303,who is aziz hashim,who is aziz hashim,SanText,25
1030303,who is aziz hashim,who is aziz hashim,SanText,25
1030303,who is aziz hashim,who is aziz hashim,SanText,25
1030303,who is aziz hashim,who is aziz hashim,SanText,25
1030303,who is aziz hashim,who is aziz hashim,SanText,25
1030303,who is aziz hashim,who is aziz hashim,SanText,25
1030303,who is aziz hashim,who is aziz hashim,SanText,25
1030303,who is aziz hashim,who is aziz hashim,SanText,25
1030303,who is aziz hashim,who is aziz hashim,SanText,25
1030303,who is aziz hashim,who is aziz hashim,SanText,25
1030303,who is aziz hashim,who is aziz hashim,SanText,25
1030303,who is aziz hashim,who is aziz hashim,SanText,25
1030303,who is aziz hashim,who is aziz hashim,SanText,25
1030303,who is aziz hashim,who is aziz hashim,SanText,25
1030303,who is aziz hashim,who is aziz hashim,SanText,25
1030303,who is aziz hashim,who is aziz hashim,SanText,25
1030303,who is aziz hashim,who is aziz hashim,SanText,25
1030303,who is aziz hashim,who is aziz hashim,SanText,25
1030303,who is aziz hashim,who is aziz hashim,SanText,25
1030303,who is aziz hashim,who is aziz hashim,SanText,25
1030303,who is aziz hashim,who is aziz hashim,SanText,25
1030303,who is aziz hashim,who is aziz hashim,SanText,25
1030303,who is aziz hashim,who is aziz hashim,SanText,25
1037496,who is rep scalise?,who is rep cids,SanText,25
1037496,who is rep scalise?,who is rep scrc,SanText,25
1037496,who is rep scalise?,who is rep scrc,SanText,25
1037496,who is rep scalise?,who is rep iwl,SanText,25
1037496,who is rep scalise?,who is rep caparisoned,SanText,25
1037496,who is rep scalise?,who is rep marsac,SanText,25
1037496,who is rep scalise?,who is rep condylar,SanText,25
1037496,who is rep scalise?,who is rep literalness,SanText,25
1037496,who is rep scalise?,who is rep marsac,SanText,25
1037496,who is rep scalise?,who is rep boast,SanText,25
1037496,who is rep scalise?,who is rep multisite,SanText,25
1037496,who is rep scalise?,who is rep half-share,SanText,25
1037496,who is rep scalise?,who is rep scrc,SanText,25
1037496,who is rep scalise?,who is rep darrehsi,SanText,25
1037496,who is rep scalise?,who is rep multitudes,SanText,25
1037496,who is rep scalise?,who is rep lecs,SanText,25
1037496,who is rep scalise?,who is rep trypeta,SanText,25
1037496,who is rep scalise?,who is rep donbaleh,SanText,25
1037496,who is rep scalise?,who is rep whiskery,SanText,25
1037496,who is rep scalise?,who is rep zalaqi-ye,SanText,25
1037496,who is rep scalise?,who is rep overwhelm,SanText,25
1037496,who is rep scalise?,who is rep macdowell,SanText,25
1037496,who is rep scalise?,who is rep ffrf,SanText,25
1037496,who is rep scalise?,who is rep jpf,SanText,25
1037496,who is rep scalise?,who is rep 0.575,SanText,25
1037496,who is rep scalise?,who is rep heis,SanText,25
1037496,who is rep scalise?,"who is rep 4,337",SanText,25
1037496,who is rep scalise?,who is rep jakie,SanText,25
1037496,who is rep scalise?,who is rep foliar,SanText,25
1037496,who is rep scalise?,who is rep marsac,SanText,25
1037496,who is rep scalise?,who is rep al-hafiz,SanText,25
1037496,who is rep scalise?,who is rep perceptively,SanText,25
1037496,who is rep scalise?,who is rep sukanta,SanText,25
1037496,who is rep scalise?,who is rep dumarsais,SanText,25
1037496,who is rep scalise?,who is rep yanks,SanText,25
1037496,who is rep scalise?,who is rep obligee,SanText,25
1037496,who is rep scalise?,who is rep 1.93-meter,SanText,25
1037496,who is rep scalise?,who is rep earwax,SanText,25
1037496,who is rep scalise?,who is rep corsicana,SanText,25
1037496,who is rep scalise?,who is rep goodricke,SanText,25
1037496,who is rep scalise?,who is rep stye,SanText,25
1037496,who is rep scalise?,who is rep suresnes,SanText,25
1037496,who is rep scalise?,who is rep supersize,SanText,25
1037496,who is rep scalise?,who is rep scrc,SanText,25
1037496,who is rep scalise?,who is rep self-administration,SanText,25
1037496,who is rep scalise?,who is rep fillip,SanText,25
1037496,who is rep scalise?,who is rep neurokinin,SanText,25
1037496,who is rep scalise?,who is rep ebri,SanText,25
1037496,who is rep scalise?,who is rep http://www.statoil.com,SanText,25
1037496,who is rep scalise?,who is rep kotlina,SanText,25
1043135,who killed nicholas ii of russia,who killed nicholas ii of russia,SanText,25
1043135,who killed nicholas ii of russia,who killed nicholas ii of russia,SanText,25
1043135,who killed nicholas ii of russia,who killed nicholas ii of russia,SanText,25
1043135,who killed nicholas ii of russia,who killed nicholas ii of russia,SanText,25
1043135,who killed nicholas ii of russia,who killed nicholas ii of russia,SanText,25
1043135,who killed nicholas ii of russia,who killed nicholas ii of russia,SanText,25
1043135,who killed nicholas ii of russia,who killed nicholas ii of russia,SanText,25
1043135,who killed nicholas ii of russia,who killed nicholas ii of russia,SanText,25
1043135,who killed nicholas ii of russia,who killed nicholas ii of russia,SanText,25
1043135,who killed nicholas ii of russia,who killed nicholas ii of russia,SanText,25
1043135,who killed nicholas ii of russia,who killed nicholas ii of russia,SanText,25
1043135,who killed nicholas ii of russia,who killed nicholas ii of russia,SanText,25
1043135,who killed nicholas ii of russia,who killed nicholas ii of russia,SanText,25
1043135,who killed nicholas ii of russia,who killed nicholas ii of russia,SanText,25
1043135,who killed nicholas ii of russia,who killed nicholas ii of russia,SanText,25
1043135,who killed nicholas ii of russia,who killed nicholas ii of russia,SanText,25
1043135,who killed nicholas ii of russia,who killed nicholas ii of russia,SanText,25
1043135,who killed nicholas ii of russia,who killed nicholas ii of russia,SanText,25
1043135,who killed nicholas ii of russia,who killed nicholas ii of russia,SanText,25
1043135,who killed nicholas ii of russia,who killed nicholas ii of russia,SanText,25
1043135,who killed nicholas ii of russia,who killed nicholas ii of russia,SanText,25
1043135,who killed nicholas ii of russia,who killed nicholas ii of russia,SanText,25
1043135,who killed nicholas ii of russia,who killed nicholas ii of russia,SanText,25
1043135,who killed nicholas ii of russia,who killed nicholas ii of russia,SanText,25
1043135,who killed nicholas ii of russia,who killed nicholas ii of russia,SanText,25
1043135,who killed nicholas ii of russia,who killed nicholas ii of russia,SanText,25
1043135,who killed nicholas ii of russia,who killed nicholas ii of russia,SanText,25
1043135,who killed nicholas ii of russia,who killed nicholas ii of russia,SanText,25
1043135,who killed nicholas ii of russia,who killed nicholas ii of russia,SanText,25
1043135,who killed nicholas ii of russia,who killed nicholas ii of russia,SanText,25
1043135,who killed nicholas ii of russia,who killed nicholas ii of russia,SanText,25
1043135,who killed nicholas ii of russia,who killed nicholas ii of russia,SanText,25
1043135,who killed nicholas ii of russia,who killed nicholas ii of russia,SanText,25
1043135,who killed nicholas ii of russia,who killed nicholas ii of russia,SanText,25
1043135,who killed nicholas ii of russia,who killed nicholas ii of russia,SanText,25
1043135,who killed nicholas ii of russia,who killed nicholas ii of russia,SanText,25
1043135,who killed nicholas ii of russia,who killed nicholas ii of russia,SanText,25
1043135,who killed nicholas ii of russia,who killed nicholas ii of russia,SanText,25
1043135,who killed nicholas ii of russia,who killed nicholas ii of russia,SanText,25
1043135,who killed nicholas ii of russia,who killed nicholas ii of russia,SanText,25
1043135,who killed nicholas ii of russia,who killed nicholas ii of russia,SanText,25
1043135,who killed nicholas ii of russia,who killed nicholas ii of russia,SanText,25
1043135,who killed nicholas ii of russia,who killed nicholas ii of russia,SanText,25
1043135,who killed nicholas ii of russia,who killed nicholas ii of russia,SanText,25
1043135,who killed nicholas ii of russia,who killed nicholas ii of russia,SanText,25
1043135,who killed nicholas ii of russia,who killed nicholas ii of russia,SanText,25
1043135,who killed nicholas ii of russia,who killed nicholas ii of russia,SanText,25
1043135,who killed nicholas ii of russia,who killed nicholas ii of russia,SanText,25
1043135,who killed nicholas ii of russia,who killed nicholas ii of russia,SanText,25
1043135,who killed nicholas ii of russia,who killed nicholas ii of russia,SanText,25
1051399,who sings monk theme song,who sings monk theme song,SanText,25
1051399,who sings monk theme song,who sings monk theme song,SanText,25
1051399,who sings monk theme song,who sings monk theme song,SanText,25
1051399,who sings monk theme song,who sings monk theme song,SanText,25
1051399,who sings monk theme song,who sings monk theme song,SanText,25
1051399,who sings monk theme song,who sings monk theme song,SanText,25
1051399,who sings monk theme song,who sings monk theme song,SanText,25
1051399,who sings monk theme song,who sings monk theme song,SanText,25
1051399,who sings monk theme song,who sings monk theme song,SanText,25
1051399,who sings monk theme song,who sings monk theme song,SanText,25
1051399,who sings monk theme song,who sings monk theme song,SanText,25
1051399,who sings monk theme song,who sings monk theme song,SanText,25
1051399,who sings monk theme song,who sings monk theme song,SanText,25
1051399,who sings monk theme song,who sings monk theme song,SanText,25
1051399,who sings monk theme song,who sings monk theme song,SanText,25
1051399,who sings monk theme song,who sings monk theme song,SanText,25
1051399,who sings monk theme song,who sings monk theme song,SanText,25
1051399,who sings monk theme song,who sings monk theme song,SanText,25
1051399,who sings monk theme song,who sings monk theme song,SanText,25
1051399,who sings monk theme song,who sings monk theme song,SanText,25
1051399,who sings monk theme song,who sings monk theme song,SanText,25
1051399,who sings monk theme song,who sings monk theme song,SanText,25
1051399,who sings monk theme song,who sings monk theme song,SanText,25
1051399,who sings monk theme song,who sings monk theme song,SanText,25
1051399,who sings monk theme song,who sings monk theme song,SanText,25
1051399,who sings monk theme song,who sings monk theme song,SanText,25
1051399,who sings monk theme song,who sings monk theme song,SanText,25
1051399,who sings monk theme song,who sings monk theme song,SanText,25
1051399,who sings monk theme song,who sings monk theme song,SanText,25
1051399,who sings monk theme song,who sings monk theme song,SanText,25
1051399,who sings monk theme song,who sings monk theme song,SanText,25
1051399,who sings monk theme song,who sings monk theme song,SanText,25
1051399,who sings monk theme song,who sings monk theme song,SanText,25
1051399,who sings monk theme song,who sings monk theme song,SanText,25
1051399,who sings monk theme song,who sings monk theme song,SanText,25
1051399,who sings monk theme song,who sings monk theme song,SanText,25
1051399,who sings monk theme song,who sings monk theme song,SanText,25
1051399,who sings monk theme song,who sings monk theme song,SanText,25
1051399,who sings monk theme song,who sings monk theme song,SanText,25
1051399,who sings monk theme song,who sings monk theme song,SanText,25
1051399,who sings monk theme song,who sings monk theme song,SanText,25
1051399,who sings monk theme song,who sings monk theme song,SanText,25
1051399,who sings monk theme song,who sings monk theme song,SanText,25
1051399,who sings monk theme song,who sings monk theme song,SanText,25
1051399,who sings monk theme song,who sings monk theme song,SanText,25
1051399,who sings monk theme song,who sings monk theme song,SanText,25
1051399,who sings monk theme song,who sings monk theme song,SanText,25
1051399,who sings monk theme song,who sings monk theme song,SanText,25
1051399,who sings monk theme song,who sings monk theme song,SanText,25
1051399,who sings monk theme song,who sings monk theme song,SanText,25
1064670,why do hunters pattern their shotguns?,why do hunters pattern their uscf,SanText,25
1064670,why do hunters pattern their shotguns?,why do hunters pattern their critiques,SanText,25
1064670,why do hunters pattern their shotguns?,why do hunters pattern their spungen,SanText,25
1064670,why do hunters pattern their shotguns?,why do hunters pattern their critiques,SanText,25
1064670,why do hunters pattern their shotguns?,why do hunters pattern their cads,SanText,25
1064670,why do hunters pattern their shotguns?,why do hunters pattern their saves_mrivera,SanText,25
1064670,why do hunters pattern their shotguns?,why do hunters pattern their off-screen,SanText,25
1064670,why do hunters pattern their shotguns?,why do hunters pattern their off-screen,SanText,25
1064670,why do hunters pattern their shotguns?,why do hunters pattern their ptsd,SanText,25
1064670,why do hunters pattern their shotguns?,why do hunters pattern their vaidyanatha,SanText,25
1064670,why do hunters pattern their shotguns?,why do hunters pattern their ptsd,SanText,25
1064670,why do hunters pattern their shotguns?,why do hunters pattern their neurosis,SanText,25
1064670,why do hunters pattern their shotguns?,why do hunters pattern their seventies,SanText,25
1064670,why do hunters pattern their shotguns?,why do hunters pattern their metaphorical,SanText,25
1064670,why do hunters pattern their shotguns?,why do hunters pattern their off-screen,SanText,25
1064670,why do hunters pattern their shotguns?,why do hunters pattern their villainy,SanText,25
1064670,why do hunters pattern their shotguns?,why do hunters pattern their sill,SanText,25
1064670,why do hunters pattern their shotguns?,why do hunters pattern their tutelage,SanText,25
1064670,why do hunters pattern their shotguns?,why do hunters pattern their linkage,SanText,25
1064670,why do hunters pattern their shotguns?,why do hunters pattern their cads,SanText,25
1064670,why do hunters pattern their shotguns?,why do hunters pattern their aural,SanText,25
1064670,why do hunters pattern their shotguns?,why do hunters pattern their oly-2004-doping,SanText,25
1064670,why do hunters pattern their shotguns?,why do hunters pattern their immortalized,SanText,25
1064670,why do hunters pattern their shotguns?,why do hunters pattern their long-lasting,SanText,25
1064670,why do hunters pattern their shotguns?,why do hunters pattern their .000661,SanText,25
1064670,why do hunters pattern their shotguns?,why do hunters pattern their puhnk,SanText,25
1064670,why do hunters pattern their shotguns?,why do hunters pattern their neurosis,SanText,25
1064670,why do hunters pattern their shotguns?,why do hunters pattern their hotness,SanText,25
1064670,why do hunters pattern their shotguns?,why do hunters pattern their taglines,SanText,25
1064670,why do hunters pattern their shotguns?,why do hunters pattern their off-screen,SanText,25
1064670,why do hunters pattern their shotguns?,why do hunters pattern their bonsai,SanText,25
1064670,why do hunters pattern their shotguns?,why do hunters pattern their recreated,SanText,25
1064670,why do hunters pattern their shotguns?,why do hunters pattern their off-screen,SanText,25
1064670,why do hunters pattern their shotguns?,why do hunters pattern their vahld,SanText,25
1064670,why do hunters pattern their shotguns?,why do hunters pattern their etched,SanText,25
1064670,why do hunters pattern their shotguns?,why do hunters pattern their onscreen,SanText,25
1064670,why do hunters pattern their shotguns?,why do hunters pattern their off-screen,SanText,25
1064670,why do hunters pattern their shotguns?,why do hunters pattern their off-screen,SanText,25
1064670,why do hunters pattern their shotguns?,why do hunters pattern their neurosis,SanText,25
1064670,why do hunters pattern their shotguns?,why do hunters pattern their off-screen,SanText,25
1064670,why do hunters pattern their shotguns?,why do hunters pattern their ruskin,SanText,25
1064670,why do hunters pattern their shotguns?,why do hunters pattern their off-screen,SanText,25
1064670,why do hunters pattern their shotguns?,why do hunters pattern their anpe,SanText,25
1064670,why do hunters pattern their shotguns?,why do hunters pattern their rohit,SanText,25
1064670,why do hunters pattern their shotguns?,why do hunters pattern their compliments,SanText,25
1064670,why do hunters pattern their shotguns?,why do hunters pattern their long-lasting,SanText,25
1064670,why do hunters pattern their shotguns?,why do hunters pattern their yohko,SanText,25
1064670,why do hunters pattern their shotguns?,why do hunters pattern their kowalsky,SanText,25
1064670,why do hunters pattern their shotguns?,why do hunters pattern their neurosis,SanText,25
1064670,why do hunters pattern their shotguns?,why do hunters pattern their immortalized,SanText,25
1071750,why is pete rose banned from hall of fame,why is pete rose banned from hall of fame,SanText,25
1071750,why is pete rose banned from hall of fame,why is pete rose banned from hall of fame,SanText,25
1071750,why is pete rose banned from hall of fame,why is pete rose banned from hall of fame,SanText,25
1071750,why is pete rose banned from hall of fame,why is pete rose banned from hall of fame,SanText,25
1071750,why is pete rose banned from hall of fame,why is pete rose banned from hall of fame,SanText,25
1071750,why is pete rose banned from hall of fame,why is pete rose banned from hall of fame,SanText,25
1071750,why is pete rose banned from hall of fame,why is pete rose banned from hall of fame,SanText,25
1071750,why is pete rose banned from hall of fame,why is pete rose banned from hall of fame,SanText,25
1071750,why is pete rose banned from hall of fame,why is pete rose banned from hall of fame,SanText,25
1071750,why is pete rose banned from hall of fame,why is pete rose banned from hall of fame,SanText,25
1071750,why is pete rose banned from hall of fame,why is pete rose banned from hall of fame,SanText,25
1071750,why is pete rose banned from hall of fame,why is pete rose banned from hall of fame,SanText,25
1071750,why is pete rose banned from hall of fame,why is pete rose banned from hall of fame,SanText,25
1071750,why is pete rose banned from hall of fame,why is pete rose banned from hall of fame,SanText,25
1071750,why is pete rose banned from hall of fame,why is pete rose banned from hall of fame,SanText,25
1071750,why is pete rose banned from hall of fame,why is pete rose banned from hall of fame,SanText,25
1071750,why is pete rose banned from hall of fame,why is pete rose banned from hall of fame,SanText,25
1071750,why is pete rose banned from hall of fame,why is pete rose banned from hall of fame,SanText,25
1071750,why is pete rose banned from hall of fame,why is pete rose banned from hall of fame,SanText,25
1071750,why is pete rose banned from hall of fame,why is pete rose banned from hall of fame,SanText,25
1071750,why is pete rose banned from hall of fame,why is pete rose banned from hall of fame,SanText,25
1071750,why is pete rose banned from hall of fame,why is pete rose banned from hall of fame,SanText,25
1071750,why is pete rose banned from hall of fame,why is pete rose banned from hall of fame,SanText,25
1071750,why is pete rose banned from hall of fame,why is pete rose banned from hall of fame,SanText,25
1071750,why is pete rose banned from hall of fame,why is pete rose banned from hall of fame,SanText,25
1071750,why is pete rose banned from hall of fame,why is pete rose banned from hall of fame,SanText,25
1071750,why is pete rose banned from hall of fame,why is pete rose banned from hall of fame,SanText,25
1071750,why is pete rose banned from hall of fame,why is pete rose banned from hall of fame,SanText,25
1071750,why is pete rose banned from hall of fame,why is pete rose banned from hall of fame,SanText,25
1071750,why is pete rose banned from hall of fame,why is pete rose banned from hall of fame,SanText,25
1071750,why is pete rose banned from hall of fame,why is pete rose banned from hall of fame,SanText,25
1071750,why is pete rose banned from hall of fame,why is pete rose banned from hall of fame,SanText,25
1071750,why is pete rose banned from hall of fame,why is pete rose banned from hall of fame,SanText,25
1071750,why is pete rose banned from hall of fame,why is pete rose banned from hall of fame,SanText,25
1071750,why is pete rose banned from hall of fame,why is pete rose banned from hall of fame,SanText,25
1071750,why is pete rose banned from hall of fame,why is pete rose banned from hall of fame,SanText,25
1071750,why is pete rose banned from hall of fame,why is pete rose banned from hall of fame,SanText,25
1071750,why is pete rose banned from hall of fame,why is pete rose banned from hall of fame,SanText,25
1071750,why is pete rose banned from hall of fame,why is pete rose banned from hall of fame,SanText,25
1071750,why is pete rose banned from hall of fame,why is pete rose banned from hall of fame,SanText,25
1071750,why is pete rose banned from hall of fame,why is pete rose banned from hall of fame,SanText,25
1071750,why is pete rose banned from hall of fame,why is pete rose banned from hall of fame,SanText,25
1071750,why is pete rose banned from hall of fame,why is pete rose banned from hall of fame,SanText,25
1071750,why is pete rose banned from hall of fame,why is pete rose banned from hall of fame,SanText,25
1071750,why is pete rose banned from hall of fame,why is pete rose banned from hall of fame,SanText,25
1071750,why is pete rose banned from hall of fame,why is pete rose banned from hall of fame,SanText,25
1071750,why is pete rose banned from hall of fame,why is pete rose banned from hall of fame,SanText,25
1071750,why is pete rose banned from hall of fame,why is pete rose banned from hall of fame,SanText,25
1071750,why is pete rose banned from hall of fame,why is pete rose banned from hall of fame,SanText,25
1071750,why is pete rose banned from hall of fame,why is pete rose banned from hall of fame,SanText,25
1105792,define: geon,shakira geon,SanText,25
1105792,define: geon,jibs geon,SanText,25
1105792,define: geon,leygues geon,SanText,25
1105792,define: geon,briefcases geon,SanText,25
1105792,define: geon,coffins geon,SanText,25
1105792,define: geon,likewise geon,SanText,25
1105792,define: geon,odermatt geon,SanText,25
1105792,define: geon,nesset geon,SanText,25
1105792,define: geon,protagonists geon,SanText,25
1105792,define: geon,sagrario geon,SanText,25
1105792,define: geon,brio geon,SanText,25
1105792,define: geon,excavators geon,SanText,25
1105792,define: geon,shaner geon,SanText,25
1105792,define: geon,dungen geon,SanText,25
1105792,define: geon,merchandize geon,SanText,25
1105792,define: geon,jibs geon,SanText,25
1105792,define: geon,couches geon,SanText,25
1105792,define: geon,kopecký geon,SanText,25
1105792,define: geon,bryne geon,SanText,25
1105792,define: geon,merchandize geon,SanText,25
1105792,define: geon,briefcases geon,SanText,25
1105792,define: geon,houts geon,SanText,25
1105792,define: geon,briefcases geon,SanText,25
1105792,define: geon,complimented geon,SanText,25
1105792,define: geon,sadly geon,SanText,25
1105792,define: geon,gameboys geon,SanText,25
1105792,define: geon,358 geon,SanText,25
1105792,define: geon,aminta geon,SanText,25
1105792,define: geon,.2572 geon,SanText,25
1105792,define: geon,gameboys geon,SanText,25
1105792,define: geon,mobilized geon,SanText,25
1105792,define: geon,sagrario geon,SanText,25
1105792,define: geon,sagrario geon,SanText,25
1105792,define: geon,wept geon,SanText,25
1105792,define: geon,merchandize geon,SanText,25
1105792,define: geon,merchandize geon,SanText,25
1105792,define: geon,nasco geon,SanText,25
1105792,define: geon,charizard geon,SanText,25
1105792,define: geon,streamed geon,SanText,25
1105792,define: geon,+7.50 geon,SanText,25
1105792,define: geon,sobbed geon,SanText,25
1105792,define: geon,55-11-997-86012 geon,SanText,25
1105792,define: geon,merchandize geon,SanText,25
1105792,define: geon,merchandize geon,SanText,25
1105792,define: geon,shrieking geon,SanText,25
1105792,define: geon,briefcases geon,SanText,25
1105792,define: geon,nasco geon,SanText,25
1105792,define: geon,briefcases geon,SanText,25
1105792,define: geon,moer geon,SanText,25
1105792,define: geon,shakira geon,SanText,25
1106979,define pareto chart in statistics,define pareto chart in statistics,SanText,25
1106979,define pareto chart in statistics,define pareto chart in statistics,SanText,25
1106979,define pareto chart in statistics,define pareto chart in statistics,SanText,25
1106979,define pareto chart in statistics,define pareto chart in statistics,SanText,25
1106979,define pareto chart in statistics,define pareto chart in statistics,SanText,25
1106979,define pareto chart in statistics,define pareto chart in statistics,SanText,25
1106979,define pareto chart in statistics,define pareto chart in statistics,SanText,25
1106979,define pareto chart in statistics,define pareto chart in statistics,SanText,25
1106979,define pareto chart in statistics,define pareto chart in statistics,SanText,25
1106979,define pareto chart in statistics,define pareto chart in statistics,SanText,25
1106979,define pareto chart in statistics,define pareto chart in statistics,SanText,25
1106979,define pareto chart in statistics,define pareto chart in statistics,SanText,25
1106979,define pareto chart in statistics,define pareto chart in statistics,SanText,25
1106979,define pareto chart in statistics,define pareto chart in statistics,SanText,25
1106979,define pareto chart in statistics,define pareto chart in statistics,SanText,25
1106979,define pareto chart in statistics,define pareto chart in statistics,SanText,25
1106979,define pareto chart in statistics,define pareto chart in statistics,SanText,25
1106979,define pareto chart in statistics,define pareto chart in statistics,SanText,25
1106979,define pareto chart in statistics,define pareto chart in statistics,SanText,25
1106979,define pareto chart in statistics,define pareto chart in statistics,SanText,25
1106979,define pareto chart in statistics,define pareto chart in statistics,SanText,25
1106979,define pareto chart in statistics,define pareto chart in statistics,SanText,25
1106979,define pareto chart in statistics,define pareto chart in statistics,SanText,25
1106979,define pareto chart in statistics,define pareto chart in statistics,SanText,25
1106979,define pareto chart in statistics,define pareto chart in statistics,SanText,25
1106979,define pareto chart in statistics,define pareto chart in statistics,SanText,25
1106979,define pareto chart in statistics,define pareto chart in statistics,SanText,25
1106979,define pareto chart in statistics,define pareto chart in statistics,SanText,25
1106979,define pareto chart in statistics,define pareto chart in statistics,SanText,25
1106979,define pareto chart in statistics,define pareto chart in statistics,SanText,25
1106979,define pareto chart in statistics,define pareto chart in statistics,SanText,25
1106979,define pareto chart in statistics,define pareto chart in statistics,SanText,25
1106979,define pareto chart in statistics,define pareto chart in statistics,SanText,25
1106979,define pareto chart in statistics,define pareto chart in statistics,SanText,25
1106979,define pareto chart in statistics,define pareto chart in statistics,SanText,25
1106979,define pareto chart in statistics,define pareto chart in statistics,SanText,25
1106979,define pareto chart in statistics,define pareto chart in statistics,SanText,25
1106979,define pareto chart in statistics,define pareto chart in statistics,SanText,25
1106979,define pareto chart in statistics,define pareto chart in statistics,SanText,25
1106979,define pareto chart in statistics,define pareto chart in statistics,SanText,25
1106979,define pareto chart in statistics,define pareto chart in statistics,SanText,25
1106979,define pareto chart in statistics,define pareto chart in statistics,SanText,25
1106979,define pareto chart in statistics,define pareto chart in statistics,SanText,25
1106979,define pareto chart in statistics,define pareto chart in statistics,SanText,25
1106979,define pareto chart in statistics,define pareto chart in statistics,SanText,25
1106979,define pareto chart in statistics,define pareto chart in statistics,SanText,25
1106979,define pareto chart in statistics,define pareto chart in statistics,SanText,25
1106979,define pareto chart in statistics,define pareto chart in statistics,SanText,25
1106979,define pareto chart in statistics,define pareto chart in statistics,SanText,25
1106979,define pareto chart in statistics,define pareto chart in statistics,SanText,25
1108651,what the best way to get clothes white,what the best way to get clothes white,SanText,25
1108651,what the best way to get clothes white,what the best way to get clothes white,SanText,25
1108651,what the best way to get clothes white,what the best way to get clothes white,SanText,25
1108651,what the best way to get clothes white,what the best way to get clothes white,SanText,25
1108651,what the best way to get clothes white,what the best way to get clothes white,SanText,25
1108651,what the best way to get clothes white,what the best way to get clothes white,SanText,25
1108651,what the best way to get clothes white,what the best way to get clothes white,SanText,25
1108651,what the best way to get clothes white,what the best way to get clothes white,SanText,25
1108651,what the best way to get clothes white,what the best way to get clothes white,SanText,25
1108651,what the best way to get clothes white,what the best way to get clothes white,SanText,25
1108651,what the best way to get clothes white,what the best way to get clothes white,SanText,25
1108651,what the best way to get clothes white,what the best way to get clothes white,SanText,25
1108651,what the best way to get clothes white,what the best way to get clothes white,SanText,25
1108651,what the best way to get clothes white,what the best way to get clothes white,SanText,25
1108651,what the best way to get clothes white,what the best way to get clothes white,SanText,25
1108651,what the best way to get clothes white,what the best way to get clothes white,SanText,25
1108651,what the best way to get clothes white,what the best way to get clothes white,SanText,25
1108651,what the best way to get clothes white,what the best way to get clothes white,SanText,25
1108651,what the best way to get clothes white,what the best way to get clothes white,SanText,25
1108651,what the best way to get clothes white,what the best way to get clothes white,SanText,25
1108651,what the best way to get clothes white,what the best way to get clothes white,SanText,25
1108651,what the best way to get clothes white,what the best way to get clothes white,SanText,25
1108651,what the best way to get clothes white,what the best way to get clothes white,SanText,25
1108651,what the best way to get clothes white,what the best way to get clothes white,SanText,25
1108651,what the best way to get clothes white,what the best way to get clothes white,SanText,25
1108651,what the best way to get clothes white,what the best way to get clothes white,SanText,25
1108651,what the best way to get clothes white,what the best way to get clothes white,SanText,25
1108651,what the best way to get clothes white,what the best way to get clothes white,SanText,25
1108651,what the best way to get clothes white,what the best way to get clothes white,SanText,25
1108651,what the best way to get clothes white,what the best way to get clothes white,SanText,25
1108651,what the best way to get clothes white,what the best way to get clothes white,SanText,25
1108651,what the best way to get clothes white,what the best way to get clothes white,SanText,25
1108651,what the best way to get clothes white,what the best way to get clothes white,SanText,25
1108651,what the best way to get clothes white,what the best way to get clothes white,SanText,25
1108651,what the best way to get clothes white,what the best way to get clothes white,SanText,25
1108651,what the best way to get clothes white,what the best way to get clothes white,SanText,25
1108651,what the best way to get clothes white,what the best way to get clothes white,SanText,25
1108651,what the best way to get clothes white,what the best way to get clothes white,SanText,25
1108651,what the best way to get clothes white,what the best way to get clothes white,SanText,25
1108651,what the best way to get clothes white,what the best way to get clothes white,SanText,25
1108651,what the best way to get clothes white,what the best way to get clothes white,SanText,25
1108651,what the best way to get clothes white,what the best way to get clothes white,SanText,25
1108651,what the best way to get clothes white,what the best way to get clothes white,SanText,25
1108651,what the best way to get clothes white,what the best way to get clothes white,SanText,25
1108651,what the best way to get clothes white,what the best way to get clothes white,SanText,25
1108651,what the best way to get clothes white,what the best way to get clothes white,SanText,25
1108651,what the best way to get clothes white,what the best way to get clothes white,SanText,25
1108651,what the best way to get clothes white,what the best way to get clothes white,SanText,25
1108651,what the best way to get clothes white,what the best way to get clothes white,SanText,25
1108651,what the best way to get clothes white,what the best way to get clothes white,SanText,25
1109707,what medium do radio waves travel through,what medium do radio waves travel through,SanText,25
1109707,what medium do radio waves travel through,what medium do radio waves travel through,SanText,25
1109707,what medium do radio waves travel through,what medium do radio waves travel through,SanText,25
1109707,what medium do radio waves travel through,what medium do radio waves travel through,SanText,25
1109707,what medium do radio waves travel through,what medium do radio waves travel through,SanText,25
1109707,what medium do radio waves travel through,what medium do radio waves travel through,SanText,25
1109707,what medium do radio waves travel through,what medium do radio waves travel through,SanText,25
1109707,what medium do radio waves travel through,what medium do radio waves travel through,SanText,25
1109707,what medium do radio waves travel through,what medium do radio waves travel through,SanText,25
1109707,what medium do radio waves travel through,what medium do radio waves travel through,SanText,25
1109707,what medium do radio waves travel through,what medium do radio waves travel through,SanText,25
1109707,what medium do radio waves travel through,what medium do radio waves travel through,SanText,25
1109707,what medium do radio waves travel through,what medium do radio waves travel through,SanText,25
1109707,what medium do radio waves travel through,what medium do radio waves travel through,SanText,25
1109707,what medium do radio waves travel through,what medium do radio waves travel through,SanText,25
1109707,what medium do radio waves travel through,what medium do radio waves travel through,SanText,25
1109707,what medium do radio waves travel through,what medium do radio waves travel through,SanText,25
1109707,what medium do radio waves travel through,what medium do radio waves travel through,SanText,25
1109707,what medium do radio waves travel through,what medium do radio waves travel through,SanText,25
1109707,what medium do radio waves travel through,what medium do radio waves travel through,SanText,25
1109707,what medium do radio waves travel through,what medium do radio waves travel through,SanText,25
1109707,what medium do radio waves travel through,what medium do radio waves travel through,SanText,25
1109707,what medium do radio waves travel through,what medium do radio waves travel through,SanText,25
1109707,what medium do radio waves travel through,what medium do radio waves travel through,SanText,25
1109707,what medium do radio waves travel through,what medium do radio waves travel through,SanText,25
1109707,what medium do radio waves travel through,what medium do radio waves travel through,SanText,25
1109707,what medium do radio waves travel through,what medium do radio waves travel through,SanText,25
1109707,what medium do radio waves travel through,what medium do radio waves travel through,SanText,25
1109707,what medium do radio waves travel through,what medium do radio waves travel through,SanText,25
1109707,what medium do radio waves travel through,what medium do radio waves travel through,SanText,25
1109707,what medium do radio waves travel through,what medium do radio waves travel through,SanText,25
1109707,what medium do radio waves travel through,what medium do radio waves travel through,SanText,25
1109707,what medium do radio waves travel through,what medium do radio waves travel through,SanText,25
1109707,what medium do radio waves travel through,what medium do radio waves travel through,SanText,25
1109707,what medium do radio waves travel through,what medium do radio waves travel through,SanText,25
1109707,what medium do radio waves travel through,what medium do radio waves travel through,SanText,25
1109707,what medium do radio waves travel through,what medium do radio waves travel through,SanText,25
1109707,what medium do radio waves travel through,what medium do radio waves travel through,SanText,25
1109707,what medium do radio waves travel through,what medium do radio waves travel through,SanText,25
1109707,what medium do radio waves travel through,what medium do radio waves travel through,SanText,25
1109707,what medium do radio waves travel through,what medium do radio waves travel through,SanText,25
1109707,what medium do radio waves travel through,what medium do radio waves travel through,SanText,25
1109707,what medium do radio waves travel through,what medium do radio waves travel through,SanText,25
1109707,what medium do radio waves travel through,what medium do radio waves travel through,SanText,25
1109707,what medium do radio waves travel through,what medium do radio waves travel through,SanText,25
1109707,what medium do radio waves travel through,what medium do radio waves travel through,SanText,25
1109707,what medium do radio waves travel through,what medium do radio waves travel through,SanText,25
1109707,what medium do radio waves travel through,what medium do radio waves travel through,SanText,25
1109707,what medium do radio waves travel through,what medium do radio waves travel through,SanText,25
1109707,what medium do radio waves travel through,what medium do radio waves travel through,SanText,25
1110678,what is the un fao,what is the un fao,SanText,25
1110678,what is the un fao,what is the un fao,SanText,25
1110678,what is the un fao,what is the un fao,SanText,25
1110678,what is the un fao,what is the un fao,SanText,25
1110678,what is the un fao,what is the un fao,SanText,25
1110678,what is the un fao,what is the un fao,SanText,25
1110678,what is the un fao,what is the un fao,SanText,25
1110678,what is the un fao,what is the un fao,SanText,25
1110678,what is the un fao,what is the un fao,SanText,25
1110678,what is the un fao,what is the un fao,SanText,25
1110678,what is the un fao,what is the un fao,SanText,25
1110678,what is the un fao,what is the un fao,SanText,25
1110678,what is the un fao,what is the un fao,SanText,25
1110678,what is the un fao,what is the un fao,SanText,25
1110678,what is the un fao,what is the un fao,SanText,25
1110678,what is the un fao,what is the un fao,SanText,25
1110678,what is the un fao,what is the un fao,SanText,25
1110678,what is the un fao,what is the un fao,SanText,25
1110678,what is the un fao,what is the un fao,SanText,25
1110678,what is the un fao,what is the un fao,SanText,25
1110678,what is the un fao,what is the un fao,SanText,25
1110678,what is the un fao,what is the un fao,SanText,25
1110678,what is the un fao,what is the un fao,SanText,25
1110678,what is the un fao,what is the un fao,SanText,25
1110678,what is the un fao,what is the un fao,SanText,25
1110678,what is the un fao,what is the un fao,SanText,25
1110678,what is the un fao,what is the un fao,SanText,25
1110678,what is the un fao,what is the un fao,SanText,25
1110678,what is the un fao,what is the un fao,SanText,25
1110678,what is the un fao,what is the un fao,SanText,25
1110678,what is the un fao,what is the un fao,SanText,25
1110678,what is the un fao,what is the un fao,SanText,25
1110678,what is the un fao,what is the un fao,SanText,25
1110678,what is the un fao,what is the un fao,SanText,25
1110678,what is the un fao,what is the un fao,SanText,25
1110678,what is the un fao,what is the un fao,SanText,25
1110678,what is the un fao,what is the un fao,SanText,25
1110678,what is the un fao,what is the un fao,SanText,25
1110678,what is the un fao,what is the un fao,SanText,25
1110678,what is the un fao,what is the un fao,SanText,25
1110678,what is the un fao,what is the un fao,SanText,25
1110678,what is the un fao,what is the un fao,SanText,25
1110678,what is the un fao,what is the un fao,SanText,25
1110678,what is the un fao,what is the un fao,SanText,25
1110678,what is the un fao,what is the un fao,SanText,25
1110678,what is the un fao,what is the un fao,SanText,25
1110678,what is the un fao,what is the un fao,SanText,25
1110678,what is the un fao,what is the un fao,SanText,25
1110678,what is the un fao,what is the un fao,SanText,25
1110678,what is the un fao,what is the un fao,SanText,25
1113256,what is reba mcentire's net worth,what is reba 72.4 net worth,SanText,25
1113256,what is reba mcentire's net worth,what is reba euro506 net worth,SanText,25
1113256,what is reba mcentire's net worth,what is reba oio net worth,SanText,25
1113256,what is reba mcentire's net worth,what is reba 766 net worth,SanText,25
1113256,what is reba mcentire's net worth,what is reba revives net worth,SanText,25
1113256,what is reba mcentire's net worth,what is reba 15-16 net worth,SanText,25
1113256,what is reba mcentire's net worth,what is reba 15-16 net worth,SanText,25
1113256,what is reba mcentire's net worth,what is reba 7-8 net worth,SanText,25
1113256,what is reba mcentire's net worth,what is reba aasi net worth,SanText,25
1113256,what is reba mcentire's net worth,what is reba 143.8 net worth,SanText,25
1113256,what is reba mcentire's net worth,what is reba 15-16 net worth,SanText,25
1113256,what is reba mcentire's net worth,what is reba 15-16 net worth,SanText,25
1113256,what is reba mcentire's net worth,what is reba euro283 net worth,SanText,25
1113256,what is reba mcentire's net worth,what is reba valkenswaard net worth,SanText,25
1113256,what is reba mcentire's net worth,what is reba 71.9 net worth,SanText,25
1113256,what is reba mcentire's net worth,what is reba 15-16 net worth,SanText,25
1113256,what is reba mcentire's net worth,what is reba 55.34 net worth,SanText,25
1113256,what is reba mcentire's net worth,what is reba 15-16 net worth,SanText,25
1113256,what is reba mcentire's net worth,what is reba 180.0 net worth,SanText,25
1113256,what is reba mcentire's net worth,what is reba 175.5 net worth,SanText,25
1113256,what is reba mcentire's net worth,"what is reba 9,700 net worth",SanText,25
1113256,what is reba mcentire's net worth,what is reba +.25 net worth,SanText,25
1113256,what is reba mcentire's net worth,what is reba 7-8 net worth,SanText,25
1113256,what is reba mcentire's net worth,what is reba 15-16 net worth,SanText,25
1113256,what is reba mcentire's net worth,"what is reba 3,837 net worth",SanText,25
1113256,what is reba mcentire's net worth,what is reba lawfirm net worth,SanText,25
1113256,what is reba mcentire's net worth,what is reba 15-16 net worth,SanText,25
1113256,what is reba mcentire's net worth,what is reba 15-16 net worth,SanText,25
1113256,what is reba mcentire's net worth,what is reba r20 net worth,SanText,25
1113256,what is reba mcentire's net worth,what is reba comrat net worth,SanText,25
1113256,what is reba mcentire's net worth,what is reba 910 net worth,SanText,25
1113256,what is reba mcentire's net worth,what is reba humulus net worth,SanText,25
1113256,what is reba mcentire's net worth,what is reba 15-16 net worth,SanText,25
1113256,what is reba mcentire's net worth,what is reba 14-15 net worth,SanText,25
1113256,what is reba mcentire's net worth,what is reba 15-16 net worth,SanText,25
1113256,what is reba mcentire's net worth,what is reba 5-15 net worth,SanText,25
1113256,what is reba mcentire's net worth,what is reba 127.7 net worth,SanText,25
1113256,what is reba mcentire's net worth,what is reba subminiature net worth,SanText,25
1113256,what is reba mcentire's net worth,what is reba 1.875 net worth,SanText,25
1113256,what is reba mcentire's net worth,what is reba 15-16 net worth,SanText,25
1113256,what is reba mcentire's net worth,"what is reba 22,400 net worth",SanText,25
1113256,what is reba mcentire's net worth,what is reba quality-control net worth,SanText,25
1113256,what is reba mcentire's net worth,what is reba jetzt net worth,SanText,25
1113256,what is reba mcentire's net worth,what is reba stubbe net worth,SanText,25
1113256,what is reba mcentire's net worth,what is reba 175.2 net worth,SanText,25
1113256,what is reba mcentire's net worth,what is reba 15-16 net worth,SanText,25
1113256,what is reba mcentire's net worth,what is reba 15-16 net worth,SanText,25
1113256,what is reba mcentire's net worth,what is reba relaunching net worth,SanText,25
1113256,what is reba mcentire's net worth,what is reba 15-16 net worth,SanText,25
1113256,what is reba mcentire's net worth,what is reba 15-16 net worth,SanText,25
1115210,what is chaff and flare,what is chaff and flare,SanText,25
1115210,what is chaff and flare,what is chaff and flare,SanText,25
1115210,what is chaff and flare,what is chaff and flare,SanText,25
1115210,what is chaff and flare,what is chaff and flare,SanText,25
1115210,what is chaff and flare,what is chaff and flare,SanText,25
1115210,what is chaff and flare,what is chaff and flare,SanText,25
1115210,what is chaff and flare,what is chaff and flare,SanText,25
1115210,what is chaff and flare,what is chaff and flare,SanText,25
1115210,what is chaff and flare,what is chaff and flare,SanText,25
1115210,what is chaff and flare,what is chaff and flare,SanText,25
1115210,what is chaff and flare,what is chaff and flare,SanText,25
1115210,what is chaff and flare,what is chaff and flare,SanText,25
1115210,what is chaff and flare,what is chaff and flare,SanText,25
1115210,what is chaff and flare,what is chaff and flare,SanText,25
1115210,what is chaff and flare,what is chaff and flare,SanText,25
1115210,what is chaff and flare,what is chaff and flare,SanText,25
1115210,what is chaff and flare,what is chaff and flare,SanText,25
1115210,what is chaff and flare,what is chaff and flare,SanText,25
1115210,what is chaff and flare,what is chaff and flare,SanText,25
1115210,what is chaff and flare,what is chaff and flare,SanText,25
1115210,what is chaff and flare,what is chaff and flare,SanText,25
1115210,what is chaff and flare,what is chaff and flare,SanText,25
1115210,what is chaff and flare,what is chaff and flare,SanText,25
1115210,what is chaff and flare,what is chaff and flare,SanText,25
1115210,what is chaff and flare,what is chaff and flare,SanText,25
1115210,what is chaff and flare,what is chaff and flare,SanText,25
1115210,what is chaff and flare,what is chaff and flare,SanText,25
1115210,what is chaff and flare,what is chaff and flare,SanText,25
1115210,what is chaff and flare,what is chaff and flare,SanText,25
1115210,what is chaff and flare,what is chaff and flare,SanText,25
1115210,what is chaff and flare,what is chaff and flare,SanText,25
1115210,what is chaff and flare,what is chaff and flare,SanText,25
1115210,what is chaff and flare,what is chaff and flare,SanText,25
1115210,what is chaff and flare,what is chaff and flare,SanText,25
1115210,what is chaff and flare,what is chaff and flare,SanText,25
1115210,what is chaff and flare,what is chaff and flare,SanText,25
1115210,what is chaff and flare,what is chaff and flare,SanText,25
1115210,what is chaff and flare,what is chaff and flare,SanText,25
1115210,what is chaff and flare,what is chaff and flare,SanText,25
1115210,what is chaff and flare,what is chaff and flare,SanText,25
1115210,what is chaff and flare,what is chaff and flare,SanText,25
1115210,what is chaff and flare,what is chaff and flare,SanText,25
1115210,what is chaff and flare,what is chaff and flare,SanText,25
1115210,what is chaff and flare,what is chaff and flare,SanText,25
1115210,what is chaff and flare,what is chaff and flare,SanText,25
1115210,what is chaff and flare,what is chaff and flare,SanText,25
1115210,what is chaff and flare,what is chaff and flare,SanText,25
1115210,what is chaff and flare,what is chaff and flare,SanText,25
1115210,what is chaff and flare,what is chaff and flare,SanText,25
1115210,what is chaff and flare,what is chaff and flare,SanText,25
1116380,what is a nonconformity? earth science,what is a 371st earth science,SanText,25
1116380,what is a nonconformity? earth science,what is a henick earth science,SanText,25
1116380,what is a nonconformity? earth science,what is a 76.62 earth science,SanText,25
1116380,what is a nonconformity? earth science,what is a showdowns earth science,SanText,25
1116380,what is a nonconformity? earth science,what is a kyarra earth science,SanText,25
1116380,what is a nonconformity? earth science,what is a 371st earth science,SanText,25
1116380,what is a nonconformity? earth science,what is a 371st earth science,SanText,25
1116380,what is a nonconformity? earth science,what is a 70.28 earth science,SanText,25
1116380,what is a nonconformity? earth science,what is a 371st earth science,SanText,25
1116380,what is a nonconformity? earth science,what is a saikal earth science,SanText,25
1116380,what is a nonconformity? earth science,what is a 371st earth science,SanText,25
1116380,what is a nonconformity? earth science,what is a ipac earth science,SanText,25
1116380,what is a nonconformity? earth science,what is a 371st earth science,SanText,25
1116380,what is a nonconformity? earth science,what is a 371st earth science,SanText,25
1116380,what is a nonconformity? earth science,what is a kinyras earth science,SanText,25
1116380,what is a nonconformity? earth science,what is a gerda earth science,SanText,25
1116380,what is a nonconformity? earth science,what is a anisi earth science,SanText,25
1116380,what is a nonconformity? earth science,what is a yakou earth science,SanText,25
1116380,what is a nonconformity? earth science,what is a 371st earth science,SanText,25
1116380,what is a nonconformity? earth science,what is a 371st earth science,SanText,25
1116380,what is a nonconformity? earth science,what is a saikal earth science,SanText,25
1116380,what is a nonconformity? earth science,what is a 371st earth science,SanText,25
1116380,what is a nonconformity? earth science,what is a 371st earth science,SanText,25
1116380,what is a nonconformity? earth science,what is a saikal earth science,SanText,25
1116380,what is a nonconformity? earth science,what is a alvarion earth science,SanText,25
1116380,what is a nonconformity? earth science,what is a 234th earth science,SanText,25
1116380,what is a nonconformity? earth science,what is a 30.61 earth science,SanText,25
1116380,what is a nonconformity? earth science,what is a confer earth science,SanText,25
1116380,what is a nonconformity? earth science,what is a 371st earth science,SanText,25
1116380,what is a nonconformity? earth science,what is a 371st earth science,SanText,25
1116380,what is a nonconformity? earth science,what is a 37.14 earth science,SanText,25
1116380,what is a nonconformity? earth science,what is a arthralgia earth science,SanText,25
1116380,what is a nonconformity? earth science,what is a 371st earth science,SanText,25
1116380,what is a nonconformity? earth science,what is a 371st earth science,SanText,25
1116380,what is a nonconformity? earth science,what is a non-polish earth science,SanText,25
1116380,what is a nonconformity? earth science,what is a saikal earth science,SanText,25
1116380,what is a nonconformity? earth science,what is a jazaeri earth science,SanText,25
1116380,what is a nonconformity? earth science,what is a 20-hong earth science,SanText,25
1116380,what is a nonconformity? earth science,what is a 371st earth science,SanText,25
1116380,what is a nonconformity? earth science,what is a scholae earth science,SanText,25
1116380,what is a nonconformity? earth science,what is a 371st earth science,SanText,25
1116380,what is a nonconformity? earth science,what is a 371st earth science,SanText,25
1116380,what is a nonconformity? earth science,what is a warmaster earth science,SanText,25
1116380,what is a nonconformity? earth science,what is a kammen earth science,SanText,25
1116380,what is a nonconformity? earth science,what is a wehd earth science,SanText,25
1116380,what is a nonconformity? earth science,what is a noteworthy earth science,SanText,25
1116380,what is a nonconformity? earth science,what is a coincidentally earth science,SanText,25
1116380,what is a nonconformity? earth science,what is a 371st earth science,SanText,25
1116380,what is a nonconformity? earth science,what is a 371st earth science,SanText,25
1116380,what is a nonconformity? earth science,what is a crosspiece earth science,SanText,25
1121353,what can you do about discrimination in the workplace in oklahoma city,what can you do about discrimination in the workplace in oklahoma city,SanText,25
1121353,what can you do about discrimination in the workplace in oklahoma city,what can you do about discrimination in the workplace in oklahoma city,SanText,25
1121353,what can you do about discrimination in the workplace in oklahoma city,what can you do about discrimination in the workplace in oklahoma city,SanText,25
1121353,what can you do about discrimination in the workplace in oklahoma city,what can you do about discrimination in the workplace in oklahoma city,SanText,25
1121353,what can you do about discrimination in the workplace in oklahoma city,what can you do about discrimination in the workplace in oklahoma city,SanText,25
1121353,what can you do about discrimination in the workplace in oklahoma city,what can you do about discrimination in the workplace in oklahoma city,SanText,25
1121353,what can you do about discrimination in the workplace in oklahoma city,what can you do about discrimination in the workplace in oklahoma city,SanText,25
1121353,what can you do about discrimination in the workplace in oklahoma city,what can you do about discrimination in the workplace in oklahoma city,SanText,25
1121353,what can you do about discrimination in the workplace in oklahoma city,what can you do about discrimination in the workplace in oklahoma city,SanText,25
1121353,what can you do about discrimination in the workplace in oklahoma city,what can you do about discrimination in the workplace in oklahoma city,SanText,25
1121353,what can you do about discrimination in the workplace in oklahoma city,what can you do about discrimination in the workplace in oklahoma city,SanText,25
1121353,what can you do about discrimination in the workplace in oklahoma city,what can you do about discrimination in the workplace in oklahoma city,SanText,25
1121353,what can you do about discrimination in the workplace in oklahoma city,what can you do about discrimination in the workplace in oklahoma city,SanText,25
1121353,what can you do about discrimination in the workplace in oklahoma city,what can you do about discrimination in the workplace in oklahoma city,SanText,25
1121353,what can you do about discrimination in the workplace in oklahoma city,what can you do about discrimination in the workplace in oklahoma city,SanText,25
1121353,what can you do about discrimination in the workplace in oklahoma city,what can you do about discrimination in the workplace in oklahoma city,SanText,25
1121353,what can you do about discrimination in the workplace in oklahoma city,what can you do about discrimination in the workplace in oklahoma city,SanText,25
1121353,what can you do about discrimination in the workplace in oklahoma city,what can you do about discrimination in the workplace in oklahoma city,SanText,25
1121353,what can you do about discrimination in the workplace in oklahoma city,what can you do about discrimination in the workplace in oklahoma city,SanText,25
1121353,what can you do about discrimination in the workplace in oklahoma city,what can you do about discrimination in the workplace in oklahoma city,SanText,25
1121353,what can you do about discrimination in the workplace in oklahoma city,what can you do about discrimination in the workplace in oklahoma city,SanText,25
1121353,what can you do about discrimination in the workplace in oklahoma city,what can you do about discrimination in the workplace in oklahoma city,SanText,25
1121353,what can you do about discrimination in the workplace in oklahoma city,what can you do about discrimination in the workplace in oklahoma city,SanText,25
1121353,what can you do about discrimination in the workplace in oklahoma city,what can you do about discrimination in the workplace in oklahoma city,SanText,25
1121353,what can you do about discrimination in the workplace in oklahoma city,what can you do about discrimination in the workplace in oklahoma city,SanText,25
1121353,what can you do about discrimination in the workplace in oklahoma city,what can you do about discrimination in the workplace in oklahoma city,SanText,25
1121353,what can you do about discrimination in the workplace in oklahoma city,what can you do about discrimination in the workplace in oklahoma city,SanText,25
1121353,what can you do about discrimination in the workplace in oklahoma city,what can you do about discrimination in the workplace in oklahoma city,SanText,25
1121353,what can you do about discrimination in the workplace in oklahoma city,what can you do about discrimination in the workplace in oklahoma city,SanText,25
1121353,what can you do about discrimination in the workplace in oklahoma city,what can you do about discrimination in the workplace in oklahoma city,SanText,25
1121353,what can you do about discrimination in the workplace in oklahoma city,what can you do about discrimination in the workplace in oklahoma city,SanText,25
1121353,what can you do about discrimination in the workplace in oklahoma city,what can you do about discrimination in the workplace in oklahoma city,SanText,25
1121353,what can you do about discrimination in the workplace in oklahoma city,what can you do about discrimination in the workplace in oklahoma city,SanText,25
1121353,what can you do about discrimination in the workplace in oklahoma city,what can you do about discrimination in the workplace in oklahoma city,SanText,25
1121353,what can you do about discrimination in the workplace in oklahoma city,what can you do about discrimination in the workplace in oklahoma city,SanText,25
1121353,what can you do about discrimination in the workplace in oklahoma city,what can you do about discrimination in the workplace in oklahoma city,SanText,25
1121353,what can you do about discrimination in the workplace in oklahoma city,what can you do about discrimination in the workplace in oklahoma city,SanText,25
1121353,what can you do about discrimination in the workplace in oklahoma city,what can you do about discrimination in the workplace in oklahoma city,SanText,25
1121353,what can you do about discrimination in the workplace in oklahoma city,what can you do about discrimination in the workplace in oklahoma city,SanText,25
1121353,what can you do about discrimination in the workplace in oklahoma city,what can you do about discrimination in the workplace in oklahoma city,SanText,25
1121353,what can you do about discrimination in the workplace in oklahoma city,what can you do about discrimination in the workplace in oklahoma city,SanText,25
1121353,what can you do about discrimination in the workplace in oklahoma city,what can you do about discrimination in the workplace in oklahoma city,SanText,25
1121353,what can you do about discrimination in the workplace in oklahoma city,what can you do about discrimination in the workplace in oklahoma city,SanText,25
1121353,what can you do about discrimination in the workplace in oklahoma city,what can you do about discrimination in the workplace in oklahoma city,SanText,25
1121353,what can you do about discrimination in the workplace in oklahoma city,what can you do about discrimination in the workplace in oklahoma city,SanText,25
1121353,what can you do about discrimination in the workplace in oklahoma city,what can you do about discrimination in the workplace in oklahoma city,SanText,25
1121353,what can you do about discrimination in the workplace in oklahoma city,what can you do about discrimination in the workplace in oklahoma city,SanText,25
1121353,what can you do about discrimination in the workplace in oklahoma city,what can you do about discrimination in the workplace in oklahoma city,SanText,25
1121353,what can you do about discrimination in the workplace in oklahoma city,what can you do about discrimination in the workplace in oklahoma city,SanText,25
1121353,what can you do about discrimination in the workplace in oklahoma city,what can you do about discrimination in the workplace in oklahoma city,SanText,25
1122767,what amino produces carnitine,what amino produces carnitine,SanText,25
1122767,what amino produces carnitine,what amino produces carnitine,SanText,25
1122767,what amino produces carnitine,what amino produces carnitine,SanText,25
1122767,what amino produces carnitine,what amino produces carnitine,SanText,25
1122767,what amino produces carnitine,what amino produces carnitine,SanText,25
1122767,what amino produces carnitine,what amino produces carnitine,SanText,25
1122767,what amino produces carnitine,what amino produces carnitine,SanText,25
1122767,what amino produces carnitine,what amino produces carnitine,SanText,25
1122767,what amino produces carnitine,what amino produces carnitine,SanText,25
1122767,what amino produces carnitine,what amino produces carnitine,SanText,25
1122767,what amino produces carnitine,what amino produces carnitine,SanText,25
1122767,what amino produces carnitine,what amino produces carnitine,SanText,25
1122767,what amino produces carnitine,what amino produces carnitine,SanText,25
1122767,what amino produces carnitine,what amino produces carnitine,SanText,25
1122767,what amino produces carnitine,what amino produces carnitine,SanText,25
1122767,what amino produces carnitine,what amino produces carnitine,SanText,25
1122767,what amino produces carnitine,what amino produces carnitine,SanText,25
1122767,what amino produces carnitine,what amino produces carnitine,SanText,25
1122767,what amino produces carnitine,what amino produces carnitine,SanText,25
1122767,what amino produces carnitine,what amino produces carnitine,SanText,25
1122767,what amino produces carnitine,what amino produces carnitine,SanText,25
1122767,what amino produces carnitine,what amino produces carnitine,SanText,25
1122767,what amino produces carnitine,what amino produces carnitine,SanText,25
1122767,what amino produces carnitine,what amino produces carnitine,SanText,25
1122767,what amino produces carnitine,what amino produces carnitine,SanText,25
1122767,what amino produces carnitine,what amino produces carnitine,SanText,25
1122767,what amino produces carnitine,what amino produces carnitine,SanText,25
1122767,what amino produces carnitine,what amino produces carnitine,SanText,25
1122767,what amino produces carnitine,what amino produces carnitine,SanText,25
1122767,what amino produces carnitine,what amino produces carnitine,SanText,25
1122767,what amino produces carnitine,what amino produces carnitine,SanText,25
1122767,what amino produces carnitine,what amino produces carnitine,SanText,25
1122767,what amino produces carnitine,what amino produces carnitine,SanText,25
1122767,what amino produces carnitine,what amino produces carnitine,SanText,25
1122767,what amino produces carnitine,what amino produces carnitine,SanText,25
1122767,what amino produces carnitine,what amino produces carnitine,SanText,25
1122767,what amino produces carnitine,what amino produces carnitine,SanText,25
1122767,what amino produces carnitine,what amino produces carnitine,SanText,25
1122767,what amino produces carnitine,what amino produces carnitine,SanText,25
1122767,what amino produces carnitine,what amino produces carnitine,SanText,25
1122767,what amino produces carnitine,what amino produces carnitine,SanText,25
1122767,what amino produces carnitine,what amino produces carnitine,SanText,25
1122767,what amino produces carnitine,what amino produces carnitine,SanText,25
1122767,what amino produces carnitine,what amino produces carnitine,SanText,25
1122767,what amino produces carnitine,what amino produces carnitine,SanText,25
1122767,what amino produces carnitine,what amino produces carnitine,SanText,25
1122767,what amino produces carnitine,what amino produces carnitine,SanText,25
1122767,what amino produces carnitine,what amino produces carnitine,SanText,25
1122767,what amino produces carnitine,what amino produces carnitine,SanText,25
1122767,what amino produces carnitine,what amino produces carnitine,SanText,25
1127540,meaning of shebang,meaning of shebang,SanText,25
1127540,meaning of shebang,meaning of shebang,SanText,25
1127540,meaning of shebang,meaning of shebang,SanText,25
1127540,meaning of shebang,meaning of shebang,SanText,25
1127540,meaning of shebang,meaning of shebang,SanText,25
1127540,meaning of shebang,meaning of shebang,SanText,25
1127540,meaning of shebang,meaning of shebang,SanText,25
1127540,meaning of shebang,meaning of shebang,SanText,25
1127540,meaning of shebang,meaning of shebang,SanText,25
1127540,meaning of shebang,meaning of shebang,SanText,25
1127540,meaning of shebang,meaning of shebang,SanText,25
1127540,meaning of shebang,meaning of shebang,SanText,25
1127540,meaning of shebang,meaning of shebang,SanText,25
1127540,meaning of shebang,meaning of shebang,SanText,25
1127540,meaning of shebang,meaning of shebang,SanText,25
1127540,meaning of shebang,meaning of shebang,SanText,25
1127540,meaning of shebang,meaning of shebang,SanText,25
1127540,meaning of shebang,meaning of shebang,SanText,25
1127540,meaning of shebang,meaning of shebang,SanText,25
1127540,meaning of shebang,meaning of shebang,SanText,25
1127540,meaning of shebang,meaning of shebang,SanText,25
1127540,meaning of shebang,meaning of shebang,SanText,25
1127540,meaning of shebang,meaning of shebang,SanText,25
1127540,meaning of shebang,meaning of shebang,SanText,25
1127540,meaning of shebang,meaning of shebang,SanText,25
1127540,meaning of shebang,meaning of shebang,SanText,25
1127540,meaning of shebang,meaning of shebang,SanText,25
1127540,meaning of shebang,meaning of shebang,SanText,25
1127540,meaning of shebang,meaning of shebang,SanText,25
1127540,meaning of shebang,meaning of shebang,SanText,25
1127540,meaning of shebang,meaning of shebang,SanText,25
1127540,meaning of shebang,meaning of shebang,SanText,25
1127540,meaning of shebang,meaning of shebang,SanText,25
1127540,meaning of shebang,meaning of shebang,SanText,25
1127540,meaning of shebang,meaning of shebang,SanText,25
1127540,meaning of shebang,meaning of shebang,SanText,25
1127540,meaning of shebang,meaning of shebang,SanText,25
1127540,meaning of shebang,meaning of shebang,SanText,25
1127540,meaning of shebang,meaning of shebang,SanText,25
1127540,meaning of shebang,meaning of shebang,SanText,25
1127540,meaning of shebang,meaning of shebang,SanText,25
1127540,meaning of shebang,meaning of shebang,SanText,25
1127540,meaning of shebang,meaning of shebang,SanText,25
1127540,meaning of shebang,meaning of shebang,SanText,25
1127540,meaning of shebang,meaning of shebang,SanText,25
1127540,meaning of shebang,meaning of shebang,SanText,25
1127540,meaning of shebang,meaning of shebang,SanText,25
1127540,meaning of shebang,meaning of shebang,SanText,25
1127540,meaning of shebang,meaning of shebang,SanText,25
1127540,meaning of shebang,meaning of shebang,SanText,25
1131069,how many sons robert kraft has,how many sons robert kraft has,SanText,25
1131069,how many sons robert kraft has,how many sons robert kraft has,SanText,25
1131069,how many sons robert kraft has,how many sons robert kraft has,SanText,25
1131069,how many sons robert kraft has,how many sons robert kraft has,SanText,25
1131069,how many sons robert kraft has,how many sons robert kraft has,SanText,25
1131069,how many sons robert kraft has,how many sons robert kraft has,SanText,25
1131069,how many sons robert kraft has,how many sons robert kraft has,SanText,25
1131069,how many sons robert kraft has,how many sons robert kraft has,SanText,25
1131069,how many sons robert kraft has,how many sons robert kraft has,SanText,25
1131069,how many sons robert kraft has,how many sons robert kraft has,SanText,25
1131069,how many sons robert kraft has,how many sons robert kraft has,SanText,25
1131069,how many sons robert kraft has,how many sons robert kraft has,SanText,25
1131069,how many sons robert kraft has,how many sons robert kraft has,SanText,25
1131069,how many sons robert kraft has,how many sons robert kraft has,SanText,25
1131069,how many sons robert kraft has,how many sons robert kraft has,SanText,25
1131069,how many sons robert kraft has,how many sons robert kraft has,SanText,25
1131069,how many sons robert kraft has,how many sons robert kraft has,SanText,25
1131069,how many sons robert kraft has,how many sons robert kraft has,SanText,25
1131069,how many sons robert kraft has,how many sons robert kraft has,SanText,25
1131069,how many sons robert kraft has,how many sons robert kraft has,SanText,25
1131069,how many sons robert kraft has,how many sons robert kraft has,SanText,25
1131069,how many sons robert kraft has,how many sons robert kraft has,SanText,25
1131069,how many sons robert kraft has,how many sons robert kraft has,SanText,25
1131069,how many sons robert kraft has,how many sons robert kraft has,SanText,25
1131069,how many sons robert kraft has,how many sons robert kraft has,SanText,25
1131069,how many sons robert kraft has,how many sons robert kraft has,SanText,25
1131069,how many sons robert kraft has,how many sons robert kraft has,SanText,25
1131069,how many sons robert kraft has,how many sons robert kraft has,SanText,25
1131069,how many sons robert kraft has,how many sons robert kraft has,SanText,25
1131069,how many sons robert kraft has,how many sons robert kraft has,SanText,25
1131069,how many sons robert kraft has,how many sons robert kraft has,SanText,25
1131069,how many sons robert kraft has,how many sons robert kraft has,SanText,25
1131069,how many sons robert kraft has,how many sons robert kraft has,SanText,25
1131069,how many sons robert kraft has,how many sons robert kraft has,SanText,25
1131069,how many sons robert kraft has,how many sons robert kraft has,SanText,25
1131069,how many sons robert kraft has,how many sons robert kraft has,SanText,25
1131069,how many sons robert kraft has,how many sons robert kraft has,SanText,25
1131069,how many sons robert kraft has,how many sons robert kraft has,SanText,25
1131069,how many sons robert kraft has,how many sons robert kraft has,SanText,25
1131069,how many sons robert kraft has,how many sons robert kraft has,SanText,25
1131069,how many sons robert kraft has,how many sons robert kraft has,SanText,25
1131069,how many sons robert kraft has,how many sons robert kraft has,SanText,25
1131069,how many sons robert kraft has,how many sons robert kraft has,SanText,25
1131069,how many sons robert kraft has,how many sons robert kraft has,SanText,25
1131069,how many sons robert kraft has,how many sons robert kraft has,SanText,25
1131069,how many sons robert kraft has,how many sons robert kraft has,SanText,25
1131069,how many sons robert kraft has,how many sons robert kraft has,SanText,25
1131069,how many sons robert kraft has,how many sons robert kraft has,SanText,25
1131069,how many sons robert kraft has,how many sons robert kraft has,SanText,25
1131069,how many sons robert kraft has,how many sons robert kraft has,SanText,25
1132532,average annual income data analyst,average annual income data analyst,SanText,25
1132532,average annual income data analyst,average annual income data analyst,SanText,25
1132532,average annual income data analyst,average annual income data analyst,SanText,25
1132532,average annual income data analyst,average annual income data analyst,SanText,25
1132532,average annual income data analyst,average annual income data analyst,SanText,25
1132532,average annual income data analyst,average annual income data analyst,SanText,25
1132532,average annual income data analyst,average annual income data analyst,SanText,25
1132532,average annual income data analyst,average annual income data analyst,SanText,25
1132532,average annual income data analyst,average annual income data analyst,SanText,25
1132532,average annual income data analyst,average annual income data analyst,SanText,25
1132532,average annual income data analyst,average annual income data analyst,SanText,25
1132532,average annual income data analyst,average annual income data analyst,SanText,25
1132532,average annual income data analyst,average annual income data analyst,SanText,25
1132532,average annual income data analyst,average annual income data analyst,SanText,25
1132532,average annual income data analyst,average annual income data analyst,SanText,25
1132532,average annual income data analyst,average annual income data analyst,SanText,25
1132532,average annual income data analyst,average annual income data analyst,SanText,25
1132532,average annual income data analyst,average annual income data analyst,SanText,25
1132532,average annual income data analyst,average annual income data analyst,SanText,25
1132532,average annual income data analyst,average annual income data analyst,SanText,25
1132532,average annual income data analyst,average annual income data analyst,SanText,25
1132532,average annual income data analyst,average annual income data analyst,SanText,25
1132532,average annual income data analyst,average annual income data analyst,SanText,25
1132532,average annual income data analyst,average annual income data analyst,SanText,25
1132532,average annual income data analyst,average annual income data analyst,SanText,25
1132532,average annual income data analyst,average annual income data analyst,SanText,25
1132532,average annual income data analyst,average annual income data analyst,SanText,25
1132532,average annual income data analyst,average annual income data analyst,SanText,25
1132532,average annual income data analyst,average annual income data analyst,SanText,25
1132532,average annual income data analyst,average annual income data analyst,SanText,25
1132532,average annual income data analyst,average annual income data analyst,SanText,25
1132532,average annual income data analyst,average annual income data analyst,SanText,25
1132532,average annual income data analyst,average annual income data analyst,SanText,25
1132532,average annual income data analyst,average annual income data analyst,SanText,25
1132532,average annual income data analyst,average annual income data analyst,SanText,25
1132532,average annual income data analyst,average annual income data analyst,SanText,25
1132532,average annual income data analyst,average annual income data analyst,SanText,25
1132532,average annual income data analyst,average annual income data analyst,SanText,25
1132532,average annual income data analyst,average annual income data analyst,SanText,25
1132532,average annual income data analyst,average annual income data analyst,SanText,25
1132532,average annual income data analyst,average annual income data analyst,SanText,25
1132532,average annual income data analyst,average annual income data analyst,SanText,25
1132532,average annual income data analyst,average annual income data analyst,SanText,25
1132532,average annual income data analyst,average annual income data analyst,SanText,25
1132532,average annual income data analyst,average annual income data analyst,SanText,25
1132532,average annual income data analyst,average annual income data analyst,SanText,25
1132532,average annual income data analyst,average annual income data analyst,SanText,25
1132532,average annual income data analyst,average annual income data analyst,SanText,25
1132532,average annual income data analyst,average annual income data analyst,SanText,25
1132532,average annual income data analyst,average annual income data analyst,SanText,25
1133579,how does granulation tissue start,how does granulation tissue start,SanText,25
1133579,how does granulation tissue start,how does granulation tissue start,SanText,25
1133579,how does granulation tissue start,how does granulation tissue start,SanText,25
1133579,how does granulation tissue start,how does granulation tissue start,SanText,25
1133579,how does granulation tissue start,how does granulation tissue start,SanText,25
1133579,how does granulation tissue start,how does granulation tissue start,SanText,25
1133579,how does granulation tissue start,how does granulation tissue start,SanText,25
1133579,how does granulation tissue start,how does granulation tissue start,SanText,25
1133579,how does granulation tissue start,how does granulation tissue start,SanText,25
1133579,how does granulation tissue start,how does granulation tissue start,SanText,25
1133579,how does granulation tissue start,how does granulation tissue start,SanText,25
1133579,how does granulation tissue start,how does granulation tissue start,SanText,25
1133579,how does granulation tissue start,how does granulation tissue start,SanText,25
1133579,how does granulation tissue start,how does granulation tissue start,SanText,25
1133579,how does granulation tissue start,how does granulation tissue start,SanText,25
1133579,how does granulation tissue start,how does granulation tissue start,SanText,25
1133579,how does granulation tissue start,how does granulation tissue start,SanText,25
1133579,how does granulation tissue start,how does granulation tissue start,SanText,25
1133579,how does granulation tissue start,how does granulation tissue start,SanText,25
1133579,how does granulation tissue start,how does granulation tissue start,SanText,25
1133579,how does granulation tissue start,how does granulation tissue start,SanText,25
1133579,how does granulation tissue start,how does granulation tissue start,SanText,25
1133579,how does granulation tissue start,how does granulation tissue start,SanText,25
1133579,how does granulation tissue start,how does granulation tissue start,SanText,25
1133579,how does granulation tissue start,how does granulation tissue start,SanText,25
1133579,how does granulation tissue start,how does granulation tissue start,SanText,25
1133579,how does granulation tissue start,how does granulation tissue start,SanText,25
1133579,how does granulation tissue start,how does granulation tissue start,SanText,25
1133579,how does granulation tissue start,how does granulation tissue start,SanText,25
1133579,how does granulation tissue start,how does granulation tissue start,SanText,25
1133579,how does granulation tissue start,how does granulation tissue start,SanText,25
1133579,how does granulation tissue start,how does granulation tissue start,SanText,25
1133579,how does granulation tissue start,how does granulation tissue start,SanText,25
1133579,how does granulation tissue start,how does granulation tissue start,SanText,25
1133579,how does granulation tissue start,how does granulation tissue start,SanText,25
1133579,how does granulation tissue start,how does granulation tissue start,SanText,25
1133579,how does granulation tissue start,how does granulation tissue start,SanText,25
1133579,how does granulation tissue start,how does granulation tissue start,SanText,25
1133579,how does granulation tissue start,how does granulation tissue start,SanText,25
1133579,how does granulation tissue start,how does granulation tissue start,SanText,25
1133579,how does granulation tissue start,how does granulation tissue start,SanText,25
1133579,how does granulation tissue start,how does granulation tissue start,SanText,25
1133579,how does granulation tissue start,how does granulation tissue start,SanText,25
1133579,how does granulation tissue start,how does granulation tissue start,SanText,25
1133579,how does granulation tissue start,how does granulation tissue start,SanText,25
1133579,how does granulation tissue start,how does granulation tissue start,SanText,25
1133579,how does granulation tissue start,how does granulation tissue start,SanText,25
1133579,how does granulation tissue start,how does granulation tissue start,SanText,25
1133579,how does granulation tissue start,how does granulation tissue start,SanText,25
1133579,how does granulation tissue start,how does granulation tissue start,SanText,25
1136043,difference between a hotel and motel,difference between a hotel and motel,SanText,25
1136043,difference between a hotel and motel,difference between a hotel and motel,SanText,25
1136043,difference between a hotel and motel,difference between a hotel and motel,SanText,25
1136043,difference between a hotel and motel,difference between a hotel and motel,SanText,25
1136043,difference between a hotel and motel,difference between a hotel and motel,SanText,25
1136043,difference between a hotel and motel,difference between a hotel and motel,SanText,25
1136043,difference between a hotel and motel,difference between a hotel and motel,SanText,25
1136043,difference between a hotel and motel,difference between a hotel and motel,SanText,25
1136043,difference between a hotel and motel,difference between a hotel and motel,SanText,25
1136043,difference between a hotel and motel,difference between a hotel and motel,SanText,25
1136043,difference between a hotel and motel,difference between a hotel and motel,SanText,25
1136043,difference between a hotel and motel,difference between a hotel and motel,SanText,25
1136043,difference between a hotel and motel,difference between a hotel and motel,SanText,25
1136043,difference between a hotel and motel,difference between a hotel and motel,SanText,25
1136043,difference between a hotel and motel,difference between a hotel and motel,SanText,25
1136043,difference between a hotel and motel,difference between a hotel and motel,SanText,25
1136043,difference between a hotel and motel,difference between a hotel and motel,SanText,25
1136043,difference between a hotel and motel,difference between a hotel and motel,SanText,25
1136043,difference between a hotel and motel,difference between a hotel and motel,SanText,25
1136043,difference between a hotel and motel,difference between a hotel and motel,SanText,25
1136043,difference between a hotel and motel,difference between a hotel and motel,SanText,25
1136043,difference between a hotel and motel,difference between a hotel and motel,SanText,25
1136043,difference between a hotel and motel,difference between a hotel and motel,SanText,25
1136043,difference between a hotel and motel,difference between a hotel and motel,SanText,25
1136043,difference between a hotel and motel,difference between a hotel and motel,SanText,25
1136043,difference between a hotel and motel,difference between a hotel and motel,SanText,25
1136043,difference between a hotel and motel,difference between a hotel and motel,SanText,25
1136043,difference between a hotel and motel,difference between a hotel and motel,SanText,25
1136043,difference between a hotel and motel,difference between a hotel and motel,SanText,25
1136043,difference between a hotel and motel,difference between a hotel and motel,SanText,25
1136043,difference between a hotel and motel,difference between a hotel and motel,SanText,25
1136043,difference between a hotel and motel,difference between a hotel and motel,SanText,25
1136043,difference between a hotel and motel,difference between a hotel and motel,SanText,25
1136043,difference between a hotel and motel,difference between a hotel and motel,SanText,25
1136043,difference between a hotel and motel,difference between a hotel and motel,SanText,25
1136043,difference between a hotel and motel,difference between a hotel and motel,SanText,25
1136043,difference between a hotel and motel,difference between a hotel and motel,SanText,25
1136043,difference between a hotel and motel,difference between a hotel and motel,SanText,25
1136043,difference between a hotel and motel,difference between a hotel and motel,SanText,25
1136043,difference between a hotel and motel,difference between a hotel and motel,SanText,25
1136043,difference between a hotel and motel,difference between a hotel and motel,SanText,25
1136043,difference between a hotel and motel,difference between a hotel and motel,SanText,25
1136043,difference between a hotel and motel,difference between a hotel and motel,SanText,25
1136043,difference between a hotel and motel,difference between a hotel and motel,SanText,25
1136043,difference between a hotel and motel,difference between a hotel and motel,SanText,25
1136043,difference between a hotel and motel,difference between a hotel and motel,SanText,25
1136043,difference between a hotel and motel,difference between a hotel and motel,SanText,25
1136043,difference between a hotel and motel,difference between a hotel and motel,SanText,25
1136043,difference between a hotel and motel,difference between a hotel and motel,SanText,25
1136043,difference between a hotel and motel,difference between a hotel and motel,SanText,25
1136047,difference between a company's strategy and business model is,difference between a hypobank strategy and business model is,SanText,25
1136047,difference between a company's strategy and business model is,difference between a legi strategy and business model is,SanText,25
1136047,difference between a company's strategy and business model is,difference between a relegate strategy and business model is,SanText,25
1136047,difference between a company's strategy and business model is,difference between a bornova strategy and business model is,SanText,25
1136047,difference between a company's strategy and business model is,difference between a orgel strategy and business model is,SanText,25
1136047,difference between a company's strategy and business model is,difference between a p&i strategy and business model is,SanText,25
1136047,difference between a company's strategy and business model is,difference between a naburn strategy and business model is,SanText,25
1136047,difference between a company's strategy and business model is,difference between a acfl strategy and business model is,SanText,25
1136047,difference between a company's strategy and business model is,difference between a orgel strategy and business model is,SanText,25
1136047,difference between a company's strategy and business model is,difference between a js04bb strategy and business model is,SanText,25
1136047,difference between a company's strategy and business model is,difference between a stell strategy and business model is,SanText,25
1136047,difference between a company's strategy and business model is,difference between a okk strategy and business model is,SanText,25
1136047,difference between a company's strategy and business model is,difference between a jetstorm strategy and business model is,SanText,25
1136047,difference between a company's strategy and business model is,difference between a djebar strategy and business model is,SanText,25
1136047,difference between a company's strategy and business model is,difference between a heinberg strategy and business model is,SanText,25
1136047,difference between a company's strategy and business model is,difference between a tienmu strategy and business model is,SanText,25
1136047,difference between a company's strategy and business model is,difference between a ganaha strategy and business model is,SanText,25
1136047,difference between a company's strategy and business model is,difference between a farahan strategy and business model is,SanText,25
1136047,difference between a company's strategy and business model is,difference between a steenberg strategy and business model is,SanText,25
1136047,difference between a company's strategy and business model is,difference between a jacobi strategy and business model is,SanText,25
1136047,difference between a company's strategy and business model is,difference between a nokelainen strategy and business model is,SanText,25
1136047,difference between a company's strategy and business model is,difference between a romand strategy and business model is,SanText,25
1136047,difference between a company's strategy and business model is,difference between a karaman strategy and business model is,SanText,25
1136047,difference between a company's strategy and business model is,difference between a makana strategy and business model is,SanText,25
1136047,difference between a company's strategy and business model is,difference between a acfl strategy and business model is,SanText,25
1136047,difference between a company's strategy and business model is,difference between a huashi strategy and business model is,SanText,25
1136047,difference between a company's strategy and business model is,difference between a sprachen strategy and business model is,SanText,25
1136047,difference between a company's strategy and business model is,difference between a wc2003-pak strategy and business model is,SanText,25
1136047,difference between a company's strategy and business model is,difference between a feiger strategy and business model is,SanText,25
1136047,difference between a company's strategy and business model is,difference between a acfl strategy and business model is,SanText,25
1136047,difference between a company's strategy and business model is,difference between a kopay strategy and business model is,SanText,25
1136047,difference between a company's strategy and business model is,difference between a gascoigne strategy and business model is,SanText,25
1136047,difference between a company's strategy and business model is,difference between a serang strategy and business model is,SanText,25
1136047,difference between a company's strategy and business model is,difference between a araluen strategy and business model is,SanText,25
1136047,difference between a company's strategy and business model is,difference between a versi strategy and business model is,SanText,25
1136047,difference between a company's strategy and business model is,difference between a oldenbarnevelt strategy and business model is,SanText,25
1136047,difference between a company's strategy and business model is,difference between a packer strategy and business model is,SanText,25
1136047,difference between a company's strategy and business model is,difference between a acfl strategy and business model is,SanText,25
1136047,difference between a company's strategy and business model is,difference between a mebius strategy and business model is,SanText,25
1136047,difference between a company's strategy and business model is,difference between a hypobank strategy and business model is,SanText,25
1136047,difference between a company's strategy and business model is,difference between a shahth strategy and business model is,SanText,25
1136047,difference between a company's strategy and business model is,difference between a makana strategy and business model is,SanText,25
1136047,difference between a company's strategy and business model is,difference between a wc2003-wis strategy and business model is,SanText,25
1136047,difference between a company's strategy and business model is,difference between a etten strategy and business model is,SanText,25
1136047,difference between a company's strategy and business model is,difference between a http://www.deathpenaltyinfo.org strategy and business model is,SanText,25
1136047,difference between a company's strategy and business model is,difference between a sml strategy and business model is,SanText,25
1136047,difference between a company's strategy and business model is,difference between a jacobi strategy and business model is,SanText,25
1136047,difference between a company's strategy and business model is,difference between a hideki strategy and business model is,SanText,25
1136047,difference between a company's strategy and business model is,difference between a http://www.wachovia.com strategy and business model is,SanText,25
1136047,difference between a company's strategy and business model is,difference between a amha strategy and business model is,SanText,25
1136962,"why did the ancient egyptians call their land kemet, or black land?",why did the ancient egyptians call their land packaged or black shrinks,SanText,25
1136962,"why did the ancient egyptians call their land kemet, or black land?",why did the ancient egyptians call their land iriaf or black uraco,SanText,25
1136962,"why did the ancient egyptians call their land kemet, or black land?",why did the ancient egyptians call their land 8-100 or black kd97,SanText,25
1136962,"why did the ancient egyptians call their land kemet, or black land?",why did the ancient egyptians call their land chiefly or black bobble,SanText,25
1136962,"why did the ancient egyptians call their land kemet, or black land?",why did the ancient egyptians call their land afs or black gulp,SanText,25
1136962,"why did the ancient egyptians call their land kemet, or black land?",why did the ancient egyptians call their land preplanned or black understatement,SanText,25
1136962,"why did the ancient egyptians call their land kemet, or black land?",why did the ancient egyptians call their land medi-cal or black chalmer,SanText,25
1136962,"why did the ancient egyptians call their land kemet, or black land?",why did the ancient egyptians call their land mousse or black cinnéide,SanText,25
1136962,"why did the ancient egyptians call their land kemet, or black land?",why did the ancient egyptians call their land tohei or black kapuas,SanText,25
1136962,"why did the ancient egyptians call their land kemet, or black land?",why did the ancient egyptians call their land beheld or black paltry,SanText,25
1136962,"why did the ancient egyptians call their land kemet, or black land?",why did the ancient egyptians call their land spreads or black unfathomable,SanText,25
1136962,"why did the ancient egyptians call their land kemet, or black land?",why did the ancient egyptians call their land 106.94 or black bobble,SanText,25
1136962,"why did the ancient egyptians call their land kemet, or black land?",why did the ancient egyptians call their land spotter or black doles,SanText,25
1136962,"why did the ancient egyptians call their land kemet, or black land?",why did the ancient egyptians call their land excursion or black iftu,SanText,25
1136962,"why did the ancient egyptians call their land kemet, or black land?",why did the ancient egyptians call their land iriaf or black exasperating,SanText,25
1136962,"why did the ancient egyptians call their land kemet, or black land?",why did the ancient egyptians call their land møn or black soviet-finnish,SanText,25
1136962,"why did the ancient egyptians call their land kemet, or black land?",why did the ancient egyptians call their land categorize or black assortment,SanText,25
1136962,"why did the ancient egyptians call their land kemet, or black land?",why did the ancient egyptians call their land cybertronian or black gulp,SanText,25
1136962,"why did the ancient egyptians call their land kemet, or black land?",why did the ancient egyptians call their land autumnal or black gulp,SanText,25
1136962,"why did the ancient egyptians call their land kemet, or black land?",why did the ancient egyptians call their land radiator or black bobble,SanText,25
1136962,"why did the ancient egyptians call their land kemet, or black land?",why did the ancient egyptians call their land moholy or black cinnéide,SanText,25
1136962,"why did the ancient egyptians call their land kemet, or black land?",why did the ancient egyptians call their land integrator or black peddapuram,SanText,25
1136962,"why did the ancient egyptians call their land kemet, or black land?",why did the ancient egyptians call their land inpop or black shakha,SanText,25
1136962,"why did the ancient egyptians call their land kemet, or black land?",why did the ancient egyptians call their land tureck or black smacked,SanText,25
1136962,"why did the ancient egyptians call their land kemet, or black land?",why did the ancient egyptians call their land conceptualized or black payback,SanText,25
1136962,"why did the ancient egyptians call their land kemet, or black land?",why did the ancient egyptians call their land rps or black dhinsa,SanText,25
1136962,"why did the ancient egyptians call their land kemet, or black land?",why did the ancient egyptians call their land b-52 or black implausibilities,SanText,25
1136962,"why did the ancient egyptians call their land kemet, or black land?",why did the ancient egyptians call their land mhsa or black bobble,SanText,25
1136962,"why did the ancient egyptians call their land kemet, or black land?",why did the ancient egyptians call their land optimised or black smack,SanText,25
1136962,"why did the ancient egyptians call their land kemet, or black land?",why did the ancient egyptians call their land tureck or black sinno,SanText,25
1136962,"why did the ancient egyptians call their land kemet, or black land?",why did the ancient egyptians call their land schweinfurth or black spout,SanText,25
1136962,"why did the ancient egyptians call their land kemet, or black land?",why did the ancient egyptians call their land ardour or black yikes,SanText,25
1136962,"why did the ancient egyptians call their land kemet, or black land?",why did the ancient egyptians call their land benzine or black shenanigans,SanText,25
1136962,"why did the ancient egyptians call their land kemet, or black land?",why did the ancient egyptians call their land microaire or black bobble,SanText,25
1136962,"why did the ancient egyptians call their land kemet, or black land?",why did the ancient egyptians call their land toolbars or black clubby,SanText,25
1136962,"why did the ancient egyptians call their land kemet, or black land?",why did the ancient egyptians call their land iriaf or black shenanigans,SanText,25
1136962,"why did the ancient egyptians call their land kemet, or black land?",why did the ancient egyptians call their land crewed or black gulp,SanText,25
1136962,"why did the ancient egyptians call their land kemet, or black land?",why did the ancient egyptians call their land recollect or black rga,SanText,25
1136962,"why did the ancient egyptians call their land kemet, or black land?",why did the ancient egyptians call their land iriaf or black jeschonnek,SanText,25
1136962,"why did the ancient egyptians call their land kemet, or black land?",why did the ancient egyptians call their land e-4b or black bobble,SanText,25
1136962,"why did the ancient egyptians call their land kemet, or black land?",why did the ancient egyptians call their land guedel or black bobble,SanText,25
1136962,"why did the ancient egyptians call their land kemet, or black land?",why did the ancient egyptians call their land bourgmont or black gulp,SanText,25
1136962,"why did the ancient egyptians call their land kemet, or black land?",why did the ancient egyptians call their land southward or black saoura,SanText,25
1136962,"why did the ancient egyptians call their land kemet, or black land?",why did the ancient egyptians call their land crewed or black sums,SanText,25
1136962,"why did the ancient egyptians call their land kemet, or black land?",why did the ancient egyptians call their land iriaf or black reflation,SanText,25
1136962,"why did the ancient egyptians call their land kemet, or black land?",why did the ancient egyptians call their land vicepresident or black ragamuffin,SanText,25
1136962,"why did the ancient egyptians call their land kemet, or black land?",why did the ancient egyptians call their land squaretrade or black bobble,SanText,25
1136962,"why did the ancient egyptians call their land kemet, or black land?",why did the ancient egyptians call their land enson or black excess,SanText,25
1136962,"why did the ancient egyptians call their land kemet, or black land?",why did the ancient egyptians call their land ofm or black fbp,SanText,25
1136962,"why did the ancient egyptians call their land kemet, or black land?",why did the ancient egyptians call their land on-board or black suck,SanText,25
118440,define bmt medical,define bmt medical,SanText,25
118440,define bmt medical,define bmt medical,SanText,25
118440,define bmt medical,define bmt medical,SanText,25
118440,define bmt medical,define bmt medical,SanText,25
118440,define bmt medical,define bmt medical,SanText,25
118440,define bmt medical,define bmt medical,SanText,25
118440,define bmt medical,define bmt medical,SanText,25
118440,define bmt medical,define bmt medical,SanText,25
118440,define bmt medical,define bmt medical,SanText,25
118440,define bmt medical,define bmt medical,SanText,25
118440,define bmt medical,define bmt medical,SanText,25
118440,define bmt medical,define bmt medical,SanText,25
118440,define bmt medical,define bmt medical,SanText,25
118440,define bmt medical,define bmt medical,SanText,25
118440,define bmt medical,define bmt medical,SanText,25
118440,define bmt medical,define bmt medical,SanText,25
118440,define bmt medical,define bmt medical,SanText,25
118440,define bmt medical,define bmt medical,SanText,25
118440,define bmt medical,define bmt medical,SanText,25
118440,define bmt medical,define bmt medical,SanText,25
118440,define bmt medical,define bmt medical,SanText,25
118440,define bmt medical,define bmt medical,SanText,25
118440,define bmt medical,define bmt medical,SanText,25
118440,define bmt medical,define bmt medical,SanText,25
118440,define bmt medical,define bmt medical,SanText,25
118440,define bmt medical,define bmt medical,SanText,25
118440,define bmt medical,define bmt medical,SanText,25
118440,define bmt medical,define bmt medical,SanText,25
118440,define bmt medical,define bmt medical,SanText,25
118440,define bmt medical,define bmt medical,SanText,25
118440,define bmt medical,define bmt medical,SanText,25
118440,define bmt medical,define bmt medical,SanText,25
118440,define bmt medical,define bmt medical,SanText,25
118440,define bmt medical,define bmt medical,SanText,25
118440,define bmt medical,define bmt medical,SanText,25
118440,define bmt medical,define bmt medical,SanText,25
118440,define bmt medical,define bmt medical,SanText,25
118440,define bmt medical,define bmt medical,SanText,25
118440,define bmt medical,define bmt medical,SanText,25
118440,define bmt medical,define bmt medical,SanText,25
118440,define bmt medical,define bmt medical,SanText,25
118440,define bmt medical,define bmt medical,SanText,25
118440,define bmt medical,define bmt medical,SanText,25
118440,define bmt medical,define bmt medical,SanText,25
118440,define bmt medical,define bmt medical,SanText,25
118440,define bmt medical,define bmt medical,SanText,25
118440,define bmt medical,define bmt medical,SanText,25
118440,define bmt medical,define bmt medical,SanText,25
118440,define bmt medical,define bmt medical,SanText,25
118440,define bmt medical,define bmt medical,SanText,25
121171,define etruscans,define etruscans,SanText,25
121171,define etruscans,define etruscans,SanText,25
121171,define etruscans,define etruscans,SanText,25
121171,define etruscans,define etruscans,SanText,25
121171,define etruscans,define etruscans,SanText,25
121171,define etruscans,define etruscans,SanText,25
121171,define etruscans,define etruscans,SanText,25
121171,define etruscans,define etruscans,SanText,25
121171,define etruscans,define etruscans,SanText,25
121171,define etruscans,define etruscans,SanText,25
121171,define etruscans,define etruscans,SanText,25
121171,define etruscans,define etruscans,SanText,25
121171,define etruscans,define etruscans,SanText,25
121171,define etruscans,define etruscans,SanText,25
121171,define etruscans,define etruscans,SanText,25
121171,define etruscans,define etruscans,SanText,25
121171,define etruscans,define etruscans,SanText,25
121171,define etruscans,define etruscans,SanText,25
121171,define etruscans,define etruscans,SanText,25
121171,define etruscans,define etruscans,SanText,25
121171,define etruscans,define etruscans,SanText,25
121171,define etruscans,define etruscans,SanText,25
121171,define etruscans,define etruscans,SanText,25
121171,define etruscans,define etruscans,SanText,25
121171,define etruscans,define etruscans,SanText,25
121171,define etruscans,define etruscans,SanText,25
121171,define etruscans,define etruscans,SanText,25
121171,define etruscans,define etruscans,SanText,25
121171,define etruscans,define etruscans,SanText,25
121171,define etruscans,define etruscans,SanText,25
121171,define etruscans,define etruscans,SanText,25
121171,define etruscans,define etruscans,SanText,25
121171,define etruscans,define etruscans,SanText,25
121171,define etruscans,define etruscans,SanText,25
121171,define etruscans,define etruscans,SanText,25
121171,define etruscans,define etruscans,SanText,25
121171,define etruscans,define etruscans,SanText,25
121171,define etruscans,define etruscans,SanText,25
121171,define etruscans,define etruscans,SanText,25
121171,define etruscans,define etruscans,SanText,25
121171,define etruscans,define etruscans,SanText,25
121171,define etruscans,define etruscans,SanText,25
121171,define etruscans,define etruscans,SanText,25
121171,define etruscans,define etruscans,SanText,25
121171,define etruscans,define etruscans,SanText,25
121171,define etruscans,define etruscans,SanText,25
121171,define etruscans,define etruscans,SanText,25
121171,define etruscans,define etruscans,SanText,25
121171,define etruscans,define etruscans,SanText,25
121171,define etruscans,define etruscans,SanText,25
135802,definition of laudable,definition of laudable,SanText,25
135802,definition of laudable,definition of laudable,SanText,25
135802,definition of laudable,definition of laudable,SanText,25
135802,definition of laudable,definition of laudable,SanText,25
135802,definition of laudable,definition of laudable,SanText,25
135802,definition of laudable,definition of laudable,SanText,25
135802,definition of laudable,definition of laudable,SanText,25
135802,definition of laudable,definition of laudable,SanText,25
135802,definition of laudable,definition of laudable,SanText,25
135802,definition of laudable,definition of laudable,SanText,25
135802,definition of laudable,definition of laudable,SanText,25
135802,definition of laudable,definition of laudable,SanText,25
135802,definition of laudable,definition of laudable,SanText,25
135802,definition of laudable,definition of laudable,SanText,25
135802,definition of laudable,definition of laudable,SanText,25
135802,definition of laudable,definition of laudable,SanText,25
135802,definition of laudable,definition of laudable,SanText,25
135802,definition of laudable,definition of laudable,SanText,25
135802,definition of laudable,definition of laudable,SanText,25
135802,definition of laudable,definition of laudable,SanText,25
135802,definition of laudable,definition of laudable,SanText,25
135802,definition of laudable,definition of laudable,SanText,25
135802,definition of laudable,definition of laudable,SanText,25
135802,definition of laudable,definition of laudable,SanText,25
135802,definition of laudable,definition of laudable,SanText,25
135802,definition of laudable,definition of laudable,SanText,25
135802,definition of laudable,definition of laudable,SanText,25
135802,definition of laudable,definition of laudable,SanText,25
135802,definition of laudable,definition of laudable,SanText,25
135802,definition of laudable,definition of laudable,SanText,25
135802,definition of laudable,definition of laudable,SanText,25
135802,definition of laudable,definition of laudable,SanText,25
135802,definition of laudable,definition of laudable,SanText,25
135802,definition of laudable,definition of laudable,SanText,25
135802,definition of laudable,definition of laudable,SanText,25
135802,definition of laudable,definition of laudable,SanText,25
135802,definition of laudable,definition of laudable,SanText,25
135802,definition of laudable,definition of laudable,SanText,25
135802,definition of laudable,definition of laudable,SanText,25
135802,definition of laudable,definition of laudable,SanText,25
135802,definition of laudable,definition of laudable,SanText,25
135802,definition of laudable,definition of laudable,SanText,25
135802,definition of laudable,definition of laudable,SanText,25
135802,definition of laudable,definition of laudable,SanText,25
135802,definition of laudable,definition of laudable,SanText,25
135802,definition of laudable,definition of laudable,SanText,25
135802,definition of laudable,definition of laudable,SanText,25
135802,definition of laudable,definition of laudable,SanText,25
135802,definition of laudable,definition of laudable,SanText,25
135802,definition of laudable,definition of laudable,SanText,25
141630,describe how muscles and bones work together to produce movement,describe how muscles and bones work together to produce movement,SanText,25
141630,describe how muscles and bones work together to produce movement,describe how muscles and bones work together to produce movement,SanText,25
141630,describe how muscles and bones work together to produce movement,describe how muscles and bones work together to produce movement,SanText,25
141630,describe how muscles and bones work together to produce movement,describe how muscles and bones work together to produce movement,SanText,25
141630,describe how muscles and bones work together to produce movement,describe how muscles and bones work together to produce movement,SanText,25
141630,describe how muscles and bones work together to produce movement,describe how muscles and bones work together to produce movement,SanText,25
141630,describe how muscles and bones work together to produce movement,describe how muscles and bones work together to produce movement,SanText,25
141630,describe how muscles and bones work together to produce movement,describe how muscles and bones work together to produce movement,SanText,25
141630,describe how muscles and bones work together to produce movement,describe how muscles and bones work together to produce movement,SanText,25
141630,describe how muscles and bones work together to produce movement,describe how muscles and bones work together to produce movement,SanText,25
141630,describe how muscles and bones work together to produce movement,describe how muscles and bones work together to produce movement,SanText,25
141630,describe how muscles and bones work together to produce movement,describe how muscles and bones work together to produce movement,SanText,25
141630,describe how muscles and bones work together to produce movement,describe how muscles and bones work together to produce movement,SanText,25
141630,describe how muscles and bones work together to produce movement,describe how muscles and bones work together to produce movement,SanText,25
141630,describe how muscles and bones work together to produce movement,describe how muscles and bones work together to produce movement,SanText,25
141630,describe how muscles and bones work together to produce movement,describe how muscles and bones work together to produce movement,SanText,25
141630,describe how muscles and bones work together to produce movement,describe how muscles and bones work together to produce movement,SanText,25
141630,describe how muscles and bones work together to produce movement,describe how muscles and bones work together to produce movement,SanText,25
141630,describe how muscles and bones work together to produce movement,describe how muscles and bones work together to produce movement,SanText,25
141630,describe how muscles and bones work together to produce movement,describe how muscles and bones work together to produce movement,SanText,25
141630,describe how muscles and bones work together to produce movement,describe how muscles and bones work together to produce movement,SanText,25
141630,describe how muscles and bones work together to produce movement,describe how muscles and bones work together to produce movement,SanText,25
141630,describe how muscles and bones work together to produce movement,describe how muscles and bones work together to produce movement,SanText,25
141630,describe how muscles and bones work together to produce movement,describe how muscles and bones work together to produce movement,SanText,25
141630,describe how muscles and bones work together to produce movement,describe how muscles and bones work together to produce movement,SanText,25
141630,describe how muscles and bones work together to produce movement,describe how muscles and bones work together to produce movement,SanText,25
141630,describe how muscles and bones work together to produce movement,describe how muscles and bones work together to produce movement,SanText,25
141630,describe how muscles and bones work together to produce movement,describe how muscles and bones work together to produce movement,SanText,25
141630,describe how muscles and bones work together to produce movement,describe how muscles and bones work together to produce movement,SanText,25
141630,describe how muscles and bones work together to produce movement,describe how muscles and bones work together to produce movement,SanText,25
141630,describe how muscles and bones work together to produce movement,describe how muscles and bones work together to produce movement,SanText,25
141630,describe how muscles and bones work together to produce movement,describe how muscles and bones work together to produce movement,SanText,25
141630,describe how muscles and bones work together to produce movement,describe how muscles and bones work together to produce movement,SanText,25
141630,describe how muscles and bones work together to produce movement,describe how muscles and bones work together to produce movement,SanText,25
141630,describe how muscles and bones work together to produce movement,describe how muscles and bones work together to produce movement,SanText,25
141630,describe how muscles and bones work together to produce movement,describe how muscles and bones work together to produce movement,SanText,25
141630,describe how muscles and bones work together to produce movement,describe how muscles and bones work together to produce movement,SanText,25
141630,describe how muscles and bones work together to produce movement,describe how muscles and bones work together to produce movement,SanText,25
141630,describe how muscles and bones work together to produce movement,describe how muscles and bones work together to produce movement,SanText,25
141630,describe how muscles and bones work together to produce movement,describe how muscles and bones work together to produce movement,SanText,25
141630,describe how muscles and bones work together to produce movement,describe how muscles and bones work together to produce movement,SanText,25
141630,describe how muscles and bones work together to produce movement,describe how muscles and bones work together to produce movement,SanText,25
141630,describe how muscles and bones work together to produce movement,describe how muscles and bones work together to produce movement,SanText,25
141630,describe how muscles and bones work together to produce movement,describe how muscles and bones work together to produce movement,SanText,25
141630,describe how muscles and bones work together to produce movement,describe how muscles and bones work together to produce movement,SanText,25
141630,describe how muscles and bones work together to produce movement,describe how muscles and bones work together to produce movement,SanText,25
141630,describe how muscles and bones work together to produce movement,describe how muscles and bones work together to produce movement,SanText,25
141630,describe how muscles and bones work together to produce movement,describe how muscles and bones work together to produce movement,SanText,25
141630,describe how muscles and bones work together to produce movement,describe how muscles and bones work together to produce movement,SanText,25
141630,describe how muscles and bones work together to produce movement,describe how muscles and bones work together to produce movement,SanText,25
156498,do google docs auto save,do google docs auto save,SanText,25
156498,do google docs auto save,do google docs auto save,SanText,25
156498,do google docs auto save,do google docs auto save,SanText,25
156498,do google docs auto save,do google docs auto save,SanText,25
156498,do google docs auto save,do google docs auto save,SanText,25
156498,do google docs auto save,do google docs auto save,SanText,25
156498,do google docs auto save,do google docs auto save,SanText,25
156498,do google docs auto save,do google docs auto save,SanText,25
156498,do google docs auto save,do google docs auto save,SanText,25
156498,do google docs auto save,do google docs auto save,SanText,25
156498,do google docs auto save,do google docs auto save,SanText,25
156498,do google docs auto save,do google docs auto save,SanText,25
156498,do google docs auto save,do google docs auto save,SanText,25
156498,do google docs auto save,do google docs auto save,SanText,25
156498,do google docs auto save,do google docs auto save,SanText,25
156498,do google docs auto save,do google docs auto save,SanText,25
156498,do google docs auto save,do google docs auto save,SanText,25
156498,do google docs auto save,do google docs auto save,SanText,25
156498,do google docs auto save,do google docs auto save,SanText,25
156498,do google docs auto save,do google docs auto save,SanText,25
156498,do google docs auto save,do google docs auto save,SanText,25
156498,do google docs auto save,do google docs auto save,SanText,25
156498,do google docs auto save,do google docs auto save,SanText,25
156498,do google docs auto save,do google docs auto save,SanText,25
156498,do google docs auto save,do google docs auto save,SanText,25
156498,do google docs auto save,do google docs auto save,SanText,25
156498,do google docs auto save,do google docs auto save,SanText,25
156498,do google docs auto save,do google docs auto save,SanText,25
156498,do google docs auto save,do google docs auto save,SanText,25
156498,do google docs auto save,do google docs auto save,SanText,25
156498,do google docs auto save,do google docs auto save,SanText,25
156498,do google docs auto save,do google docs auto save,SanText,25
156498,do google docs auto save,do google docs auto save,SanText,25
156498,do google docs auto save,do google docs auto save,SanText,25
156498,do google docs auto save,do google docs auto save,SanText,25
156498,do google docs auto save,do google docs auto save,SanText,25
156498,do google docs auto save,do google docs auto save,SanText,25
156498,do google docs auto save,do google docs auto save,SanText,25
156498,do google docs auto save,do google docs auto save,SanText,25
156498,do google docs auto save,do google docs auto save,SanText,25
156498,do google docs auto save,do google docs auto save,SanText,25
156498,do google docs auto save,do google docs auto save,SanText,25
156498,do google docs auto save,do google docs auto save,SanText,25
156498,do google docs auto save,do google docs auto save,SanText,25
156498,do google docs auto save,do google docs auto save,SanText,25
156498,do google docs auto save,do google docs auto save,SanText,25
156498,do google docs auto save,do google docs auto save,SanText,25
156498,do google docs auto save,do google docs auto save,SanText,25
156498,do google docs auto save,do google docs auto save,SanText,25
156498,do google docs auto save,do google docs auto save,SanText,25
169208,does mississippi have an income tax,does mississippi have an income tax,SanText,25
169208,does mississippi have an income tax,does mississippi have an income tax,SanText,25
169208,does mississippi have an income tax,does mississippi have an income tax,SanText,25
169208,does mississippi have an income tax,does mississippi have an income tax,SanText,25
169208,does mississippi have an income tax,does mississippi have an income tax,SanText,25
169208,does mississippi have an income tax,does mississippi have an income tax,SanText,25
169208,does mississippi have an income tax,does mississippi have an income tax,SanText,25
169208,does mississippi have an income tax,does mississippi have an income tax,SanText,25
169208,does mississippi have an income tax,does mississippi have an income tax,SanText,25
169208,does mississippi have an income tax,does mississippi have an income tax,SanText,25
169208,does mississippi have an income tax,does mississippi have an income tax,SanText,25
169208,does mississippi have an income tax,does mississippi have an income tax,SanText,25
169208,does mississippi have an income tax,does mississippi have an income tax,SanText,25
169208,does mississippi have an income tax,does mississippi have an income tax,SanText,25
169208,does mississippi have an income tax,does mississippi have an income tax,SanText,25
169208,does mississippi have an income tax,does mississippi have an income tax,SanText,25
169208,does mississippi have an income tax,does mississippi have an income tax,SanText,25
169208,does mississippi have an income tax,does mississippi have an income tax,SanText,25
169208,does mississippi have an income tax,does mississippi have an income tax,SanText,25
169208,does mississippi have an income tax,does mississippi have an income tax,SanText,25
169208,does mississippi have an income tax,does mississippi have an income tax,SanText,25
169208,does mississippi have an income tax,does mississippi have an income tax,SanText,25
169208,does mississippi have an income tax,does mississippi have an income tax,SanText,25
169208,does mississippi have an income tax,does mississippi have an income tax,SanText,25
169208,does mississippi have an income tax,does mississippi have an income tax,SanText,25
169208,does mississippi have an income tax,does mississippi have an income tax,SanText,25
169208,does mississippi have an income tax,does mississippi have an income tax,SanText,25
169208,does mississippi have an income tax,does mississippi have an income tax,SanText,25
169208,does mississippi have an income tax,does mississippi have an income tax,SanText,25
169208,does mississippi have an income tax,does mississippi have an income tax,SanText,25
169208,does mississippi have an income tax,does mississippi have an income tax,SanText,25
169208,does mississippi have an income tax,does mississippi have an income tax,SanText,25
169208,does mississippi have an income tax,does mississippi have an income tax,SanText,25
169208,does mississippi have an income tax,does mississippi have an income tax,SanText,25
169208,does mississippi have an income tax,does mississippi have an income tax,SanText,25
169208,does mississippi have an income tax,does mississippi have an income tax,SanText,25
169208,does mississippi have an income tax,does mississippi have an income tax,SanText,25
169208,does mississippi have an income tax,does mississippi have an income tax,SanText,25
169208,does mississippi have an income tax,does mississippi have an income tax,SanText,25
169208,does mississippi have an income tax,does mississippi have an income tax,SanText,25
169208,does mississippi have an income tax,does mississippi have an income tax,SanText,25
169208,does mississippi have an income tax,does mississippi have an income tax,SanText,25
169208,does mississippi have an income tax,does mississippi have an income tax,SanText,25
169208,does mississippi have an income tax,does mississippi have an income tax,SanText,25
169208,does mississippi have an income tax,does mississippi have an income tax,SanText,25
169208,does mississippi have an income tax,does mississippi have an income tax,SanText,25
169208,does mississippi have an income tax,does mississippi have an income tax,SanText,25
169208,does mississippi have an income tax,does mississippi have an income tax,SanText,25
169208,does mississippi have an income tax,does mississippi have an income tax,SanText,25
169208,does mississippi have an income tax,does mississippi have an income tax,SanText,25
174463,dog day afternoon meaning,dog day afternoon meaning,SanText,25
174463,dog day afternoon meaning,dog day afternoon meaning,SanText,25
174463,dog day afternoon meaning,dog day afternoon meaning,SanText,25
174463,dog day afternoon meaning,dog day afternoon meaning,SanText,25
174463,dog day afternoon meaning,dog day afternoon meaning,SanText,25
174463,dog day afternoon meaning,dog day afternoon meaning,SanText,25
174463,dog day afternoon meaning,dog day afternoon meaning,SanText,25
174463,dog day afternoon meaning,dog day afternoon meaning,SanText,25
174463,dog day afternoon meaning,dog day afternoon meaning,SanText,25
174463,dog day afternoon meaning,dog day afternoon meaning,SanText,25
174463,dog day afternoon meaning,dog day afternoon meaning,SanText,25
174463,dog day afternoon meaning,dog day afternoon meaning,SanText,25
174463,dog day afternoon meaning,dog day afternoon meaning,SanText,25
174463,dog day afternoon meaning,dog day afternoon meaning,SanText,25
174463,dog day afternoon meaning,dog day afternoon meaning,SanText,25
174463,dog day afternoon meaning,dog day afternoon meaning,SanText,25
174463,dog day afternoon meaning,dog day afternoon meaning,SanText,25
174463,dog day afternoon meaning,dog day afternoon meaning,SanText,25
174463,dog day afternoon meaning,dog day afternoon meaning,SanText,25
174463,dog day afternoon meaning,dog day afternoon meaning,SanText,25
174463,dog day afternoon meaning,dog day afternoon meaning,SanText,25
174463,dog day afternoon meaning,dog day afternoon meaning,SanText,25
174463,dog day afternoon meaning,dog day afternoon meaning,SanText,25
174463,dog day afternoon meaning,dog day afternoon meaning,SanText,25
174463,dog day afternoon meaning,dog day afternoon meaning,SanText,25
174463,dog day afternoon meaning,dog day afternoon meaning,SanText,25
174463,dog day afternoon meaning,dog day afternoon meaning,SanText,25
174463,dog day afternoon meaning,dog day afternoon meaning,SanText,25
174463,dog day afternoon meaning,dog day afternoon meaning,SanText,25
174463,dog day afternoon meaning,dog day afternoon meaning,SanText,25
174463,dog day afternoon meaning,dog day afternoon meaning,SanText,25
174463,dog day afternoon meaning,dog day afternoon meaning,SanText,25
174463,dog day afternoon meaning,dog day afternoon meaning,SanText,25
174463,dog day afternoon meaning,dog day afternoon meaning,SanText,25
174463,dog day afternoon meaning,dog day afternoon meaning,SanText,25
174463,dog day afternoon meaning,dog day afternoon meaning,SanText,25
174463,dog day afternoon meaning,dog day afternoon meaning,SanText,25
174463,dog day afternoon meaning,dog day afternoon meaning,SanText,25
174463,dog day afternoon meaning,dog day afternoon meaning,SanText,25
174463,dog day afternoon meaning,dog day afternoon meaning,SanText,25
174463,dog day afternoon meaning,dog day afternoon meaning,SanText,25
174463,dog day afternoon meaning,dog day afternoon meaning,SanText,25
174463,dog day afternoon meaning,dog day afternoon meaning,SanText,25
174463,dog day afternoon meaning,dog day afternoon meaning,SanText,25
174463,dog day afternoon meaning,dog day afternoon meaning,SanText,25
174463,dog day afternoon meaning,dog day afternoon meaning,SanText,25
174463,dog day afternoon meaning,dog day afternoon meaning,SanText,25
174463,dog day afternoon meaning,dog day afternoon meaning,SanText,25
174463,dog day afternoon meaning,dog day afternoon meaning,SanText,25
174463,dog day afternoon meaning,dog day afternoon meaning,SanText,25
23849,are naturalization records public information,are naturalization records public information,SanText,25
23849,are naturalization records public information,are naturalization records public information,SanText,25
23849,are naturalization records public information,are naturalization records public information,SanText,25
23849,are naturalization records public information,are naturalization records public information,SanText,25
23849,are naturalization records public information,are naturalization records public information,SanText,25
23849,are naturalization records public information,are naturalization records public information,SanText,25
23849,are naturalization records public information,are naturalization records public information,SanText,25
23849,are naturalization records public information,are naturalization records public information,SanText,25
23849,are naturalization records public information,are naturalization records public information,SanText,25
23849,are naturalization records public information,are naturalization records public information,SanText,25
23849,are naturalization records public information,are naturalization records public information,SanText,25
23849,are naturalization records public information,are naturalization records public information,SanText,25
23849,are naturalization records public information,are naturalization records public information,SanText,25
23849,are naturalization records public information,are naturalization records public information,SanText,25
23849,are naturalization records public information,are naturalization records public information,SanText,25
23849,are naturalization records public information,are naturalization records public information,SanText,25
23849,are naturalization records public information,are naturalization records public information,SanText,25
23849,are naturalization records public information,are naturalization records public information,SanText,25
23849,are naturalization records public information,are naturalization records public information,SanText,25
23849,are naturalization records public information,are naturalization records public information,SanText,25
23849,are naturalization records public information,are naturalization records public information,SanText,25
23849,are naturalization records public information,are naturalization records public information,SanText,25
23849,are naturalization records public information,are naturalization records public information,SanText,25
23849,are naturalization records public information,are naturalization records public information,SanText,25
23849,are naturalization records public information,are naturalization records public information,SanText,25
23849,are naturalization records public information,are naturalization records public information,SanText,25
23849,are naturalization records public information,are naturalization records public information,SanText,25
23849,are naturalization records public information,are naturalization records public information,SanText,25
23849,are naturalization records public information,are naturalization records public information,SanText,25
23849,are naturalization records public information,are naturalization records public information,SanText,25
23849,are naturalization records public information,are naturalization records public information,SanText,25
23849,are naturalization records public information,are naturalization records public information,SanText,25
23849,are naturalization records public information,are naturalization records public information,SanText,25
23849,are naturalization records public information,are naturalization records public information,SanText,25
23849,are naturalization records public information,are naturalization records public information,SanText,25
23849,are naturalization records public information,are naturalization records public information,SanText,25
23849,are naturalization records public information,are naturalization records public information,SanText,25
23849,are naturalization records public information,are naturalization records public information,SanText,25
23849,are naturalization records public information,are naturalization records public information,SanText,25
23849,are naturalization records public information,are naturalization records public information,SanText,25
23849,are naturalization records public information,are naturalization records public information,SanText,25
23849,are naturalization records public information,are naturalization records public information,SanText,25
23849,are naturalization records public information,are naturalization records public information,SanText,25
23849,are naturalization records public information,are naturalization records public information,SanText,25
23849,are naturalization records public information,are naturalization records public information,SanText,25
23849,are naturalization records public information,are naturalization records public information,SanText,25
23849,are naturalization records public information,are naturalization records public information,SanText,25
23849,are naturalization records public information,are naturalization records public information,SanText,25
23849,are naturalization records public information,are naturalization records public information,SanText,25
23849,are naturalization records public information,are naturalization records public information,SanText,25
258062,how long does it take to remove wisdom tooth,how long does it take to remove wisdom tooth,SanText,25
258062,how long does it take to remove wisdom tooth,how long does it take to remove wisdom tooth,SanText,25
258062,how long does it take to remove wisdom tooth,how long does it take to remove wisdom tooth,SanText,25
258062,how long does it take to remove wisdom tooth,how long does it take to remove wisdom tooth,SanText,25
258062,how long does it take to remove wisdom tooth,how long does it take to remove wisdom tooth,SanText,25
258062,how long does it take to remove wisdom tooth,how long does it take to remove wisdom tooth,SanText,25
258062,how long does it take to remove wisdom tooth,how long does it take to remove wisdom tooth,SanText,25
258062,how long does it take to remove wisdom tooth,how long does it take to remove wisdom tooth,SanText,25
258062,how long does it take to remove wisdom tooth,how long does it take to remove wisdom tooth,SanText,25
258062,how long does it take to remove wisdom tooth,how long does it take to remove wisdom tooth,SanText,25
258062,how long does it take to remove wisdom tooth,how long does it take to remove wisdom tooth,SanText,25
258062,how long does it take to remove wisdom tooth,how long does it take to remove wisdom tooth,SanText,25
258062,how long does it take to remove wisdom tooth,how long does it take to remove wisdom tooth,SanText,25
258062,how long does it take to remove wisdom tooth,how long does it take to remove wisdom tooth,SanText,25
258062,how long does it take to remove wisdom tooth,how long does it take to remove wisdom tooth,SanText,25
258062,how long does it take to remove wisdom tooth,how long does it take to remove wisdom tooth,SanText,25
258062,how long does it take to remove wisdom tooth,how long does it take to remove wisdom tooth,SanText,25
258062,how long does it take to remove wisdom tooth,how long does it take to remove wisdom tooth,SanText,25
258062,how long does it take to remove wisdom tooth,how long does it take to remove wisdom tooth,SanText,25
258062,how long does it take to remove wisdom tooth,how long does it take to remove wisdom tooth,SanText,25
258062,how long does it take to remove wisdom tooth,how long does it take to remove wisdom tooth,SanText,25
258062,how long does it take to remove wisdom tooth,how long does it take to remove wisdom tooth,SanText,25
258062,how long does it take to remove wisdom tooth,how long does it take to remove wisdom tooth,SanText,25
258062,how long does it take to remove wisdom tooth,how long does it take to remove wisdom tooth,SanText,25
258062,how long does it take to remove wisdom tooth,how long does it take to remove wisdom tooth,SanText,25
258062,how long does it take to remove wisdom tooth,how long does it take to remove wisdom tooth,SanText,25
258062,how long does it take to remove wisdom tooth,how long does it take to remove wisdom tooth,SanText,25
258062,how long does it take to remove wisdom tooth,how long does it take to remove wisdom tooth,SanText,25
258062,how long does it take to remove wisdom tooth,how long does it take to remove wisdom tooth,SanText,25
258062,how long does it take to remove wisdom tooth,how long does it take to remove wisdom tooth,SanText,25
258062,how long does it take to remove wisdom tooth,how long does it take to remove wisdom tooth,SanText,25
258062,how long does it take to remove wisdom tooth,how long does it take to remove wisdom tooth,SanText,25
258062,how long does it take to remove wisdom tooth,how long does it take to remove wisdom tooth,SanText,25
258062,how long does it take to remove wisdom tooth,how long does it take to remove wisdom tooth,SanText,25
258062,how long does it take to remove wisdom tooth,how long does it take to remove wisdom tooth,SanText,25
258062,how long does it take to remove wisdom tooth,how long does it take to remove wisdom tooth,SanText,25
258062,how long does it take to remove wisdom tooth,how long does it take to remove wisdom tooth,SanText,25
258062,how long does it take to remove wisdom tooth,how long does it take to remove wisdom tooth,SanText,25
258062,how long does it take to remove wisdom tooth,how long does it take to remove wisdom tooth,SanText,25
258062,how long does it take to remove wisdom tooth,how long does it take to remove wisdom tooth,SanText,25
258062,how long does it take to remove wisdom tooth,how long does it take to remove wisdom tooth,SanText,25
258062,how long does it take to remove wisdom tooth,how long does it take to remove wisdom tooth,SanText,25
258062,how long does it take to remove wisdom tooth,how long does it take to remove wisdom tooth,SanText,25
258062,how long does it take to remove wisdom tooth,how long does it take to remove wisdom tooth,SanText,25
258062,how long does it take to remove wisdom tooth,how long does it take to remove wisdom tooth,SanText,25
258062,how long does it take to remove wisdom tooth,how long does it take to remove wisdom tooth,SanText,25
258062,how long does it take to remove wisdom tooth,how long does it take to remove wisdom tooth,SanText,25
258062,how long does it take to remove wisdom tooth,how long does it take to remove wisdom tooth,SanText,25
258062,how long does it take to remove wisdom tooth,how long does it take to remove wisdom tooth,SanText,25
258062,how long does it take to remove wisdom tooth,how long does it take to remove wisdom tooth,SanText,25
324585,how much money do motivational speakers make,how much money do motivational speakers make,SanText,25
324585,how much money do motivational speakers make,how much money do motivational speakers make,SanText,25
324585,how much money do motivational speakers make,how much money do motivational speakers make,SanText,25
324585,how much money do motivational speakers make,how much money do motivational speakers make,SanText,25
324585,how much money do motivational speakers make,how much money do motivational speakers make,SanText,25
324585,how much money do motivational speakers make,how much money do motivational speakers make,SanText,25
324585,how much money do motivational speakers make,how much money do motivational speakers make,SanText,25
324585,how much money do motivational speakers make,how much money do motivational speakers make,SanText,25
324585,how much money do motivational speakers make,how much money do motivational speakers make,SanText,25
324585,how much money do motivational speakers make,how much money do motivational speakers make,SanText,25
324585,how much money do motivational speakers make,how much money do motivational speakers make,SanText,25
324585,how much money do motivational speakers make,how much money do motivational speakers make,SanText,25
324585,how much money do motivational speakers make,how much money do motivational speakers make,SanText,25
324585,how much money do motivational speakers make,how much money do motivational speakers make,SanText,25
324585,how much money do motivational speakers make,how much money do motivational speakers make,SanText,25
324585,how much money do motivational speakers make,how much money do motivational speakers make,SanText,25
324585,how much money do motivational speakers make,how much money do motivational speakers make,SanText,25
324585,how much money do motivational speakers make,how much money do motivational speakers make,SanText,25
324585,how much money do motivational speakers make,how much money do motivational speakers make,SanText,25
324585,how much money do motivational speakers make,how much money do motivational speakers make,SanText,25
324585,how much money do motivational speakers make,how much money do motivational speakers make,SanText,25
324585,how much money do motivational speakers make,how much money do motivational speakers make,SanText,25
324585,how much money do motivational speakers make,how much money do motivational speakers make,SanText,25
324585,how much money do motivational speakers make,how much money do motivational speakers make,SanText,25
324585,how much money do motivational speakers make,how much money do motivational speakers make,SanText,25
324585,how much money do motivational speakers make,how much money do motivational speakers make,SanText,25
324585,how much money do motivational speakers make,how much money do motivational speakers make,SanText,25
324585,how much money do motivational speakers make,how much money do motivational speakers make,SanText,25
324585,how much money do motivational speakers make,how much money do motivational speakers make,SanText,25
324585,how much money do motivational speakers make,how much money do motivational speakers make,SanText,25
324585,how much money do motivational speakers make,how much money do motivational speakers make,SanText,25
324585,how much money do motivational speakers make,how much money do motivational speakers make,SanText,25
324585,how much money do motivational speakers make,how much money do motivational speakers make,SanText,25
324585,how much money do motivational speakers make,how much money do motivational speakers make,SanText,25
324585,how much money do motivational speakers make,how much money do motivational speakers make,SanText,25
324585,how much money do motivational speakers make,how much money do motivational speakers make,SanText,25
324585,how much money do motivational speakers make,how much money do motivational speakers make,SanText,25
324585,how much money do motivational speakers make,how much money do motivational speakers make,SanText,25
324585,how much money do motivational speakers make,how much money do motivational speakers make,SanText,25
324585,how much money do motivational speakers make,how much money do motivational speakers make,SanText,25
324585,how much money do motivational speakers make,how much money do motivational speakers make,SanText,25
324585,how much money do motivational speakers make,how much money do motivational speakers make,SanText,25
324585,how much money do motivational speakers make,how much money do motivational speakers make,SanText,25
324585,how much money do motivational speakers make,how much money do motivational speakers make,SanText,25
324585,how much money do motivational speakers make,how much money do motivational speakers make,SanText,25
324585,how much money do motivational speakers make,how much money do motivational speakers make,SanText,25
324585,how much money do motivational speakers make,how much money do motivational speakers make,SanText,25
324585,how much money do motivational speakers make,how much money do motivational speakers make,SanText,25
324585,how much money do motivational speakers make,how much money do motivational speakers make,SanText,25
324585,how much money do motivational speakers make,how much money do motivational speakers make,SanText,25
330975,how much would it cost to install my own wind turbine,how much would it cost to install my own wind turbine,SanText,25
330975,how much would it cost to install my own wind turbine,how much would it cost to install my own wind turbine,SanText,25
330975,how much would it cost to install my own wind turbine,how much would it cost to install my own wind turbine,SanText,25
330975,how much would it cost to install my own wind turbine,how much would it cost to install my own wind turbine,SanText,25
330975,how much would it cost to install my own wind turbine,how much would it cost to install my own wind turbine,SanText,25
330975,how much would it cost to install my own wind turbine,how much would it cost to install my own wind turbine,SanText,25
330975,how much would it cost to install my own wind turbine,how much would it cost to install my own wind turbine,SanText,25
330975,how much would it cost to install my own wind turbine,how much would it cost to install my own wind turbine,SanText,25
330975,how much would it cost to install my own wind turbine,how much would it cost to install my own wind turbine,SanText,25
330975,how much would it cost to install my own wind turbine,how much would it cost to install my own wind turbine,SanText,25
330975,how much would it cost to install my own wind turbine,how much would it cost to install my own wind turbine,SanText,25
330975,how much would it cost to install my own wind turbine,how much would it cost to install my own wind turbine,SanText,25
330975,how much would it cost to install my own wind turbine,how much would it cost to install my own wind turbine,SanText,25
330975,how much would it cost to install my own wind turbine,how much would it cost to install my own wind turbine,SanText,25
330975,how much would it cost to install my own wind turbine,how much would it cost to install my own wind turbine,SanText,25
330975,how much would it cost to install my own wind turbine,how much would it cost to install my own wind turbine,SanText,25
330975,how much would it cost to install my own wind turbine,how much would it cost to install my own wind turbine,SanText,25
330975,how much would it cost to install my own wind turbine,how much would it cost to install my own wind turbine,SanText,25
330975,how much would it cost to install my own wind turbine,how much would it cost to install my own wind turbine,SanText,25
330975,how much would it cost to install my own wind turbine,how much would it cost to install my own wind turbine,SanText,25
330975,how much would it cost to install my own wind turbine,how much would it cost to install my own wind turbine,SanText,25
330975,how much would it cost to install my own wind turbine,how much would it cost to install my own wind turbine,SanText,25
330975,how much would it cost to install my own wind turbine,how much would it cost to install my own wind turbine,SanText,25
330975,how much would it cost to install my own wind turbine,how much would it cost to install my own wind turbine,SanText,25
330975,how much would it cost to install my own wind turbine,how much would it cost to install my own wind turbine,SanText,25
330975,how much would it cost to install my own wind turbine,how much would it cost to install my own wind turbine,SanText,25
330975,how much would it cost to install my own wind turbine,how much would it cost to install my own wind turbine,SanText,25
330975,how much would it cost to install my own wind turbine,how much would it cost to install my own wind turbine,SanText,25
330975,how much would it cost to install my own wind turbine,how much would it cost to install my own wind turbine,SanText,25
330975,how much would it cost to install my own wind turbine,how much would it cost to install my own wind turbine,SanText,25
330975,how much would it cost to install my own wind turbine,how much would it cost to install my own wind turbine,SanText,25
330975,how much would it cost to install my own wind turbine,how much would it cost to install my own wind turbine,SanText,25
330975,how much would it cost to install my own wind turbine,how much would it cost to install my own wind turbine,SanText,25
330975,how much would it cost to install my own wind turbine,how much would it cost to install my own wind turbine,SanText,25
330975,how much would it cost to install my own wind turbine,how much would it cost to install my own wind turbine,SanText,25
330975,how much would it cost to install my own wind turbine,how much would it cost to install my own wind turbine,SanText,25
330975,how much would it cost to install my own wind turbine,how much would it cost to install my own wind turbine,SanText,25
330975,how much would it cost to install my own wind turbine,how much would it cost to install my own wind turbine,SanText,25
330975,how much would it cost to install my own wind turbine,how much would it cost to install my own wind turbine,SanText,25
330975,how much would it cost to install my own wind turbine,how much would it cost to install my own wind turbine,SanText,25
330975,how much would it cost to install my own wind turbine,how much would it cost to install my own wind turbine,SanText,25
330975,how much would it cost to install my own wind turbine,how much would it cost to install my own wind turbine,SanText,25
330975,how much would it cost to install my own wind turbine,how much would it cost to install my own wind turbine,SanText,25
330975,how much would it cost to install my own wind turbine,how much would it cost to install my own wind turbine,SanText,25
330975,how much would it cost to install my own wind turbine,how much would it cost to install my own wind turbine,SanText,25
330975,how much would it cost to install my own wind turbine,how much would it cost to install my own wind turbine,SanText,25
330975,how much would it cost to install my own wind turbine,how much would it cost to install my own wind turbine,SanText,25
330975,how much would it cost to install my own wind turbine,how much would it cost to install my own wind turbine,SanText,25
330975,how much would it cost to install my own wind turbine,how much would it cost to install my own wind turbine,SanText,25
330975,how much would it cost to install my own wind turbine,how much would it cost to install my own wind turbine,SanText,25
332593,how often to button quail lay eggs,how often to button quail lay eggs,SanText,25
332593,how often to button quail lay eggs,how often to button quail lay eggs,SanText,25
332593,how often to button quail lay eggs,how often to button quail lay eggs,SanText,25
332593,how often to button quail lay eggs,how often to button quail lay eggs,SanText,25
332593,how often to button quail lay eggs,how often to button quail lay eggs,SanText,25
332593,how often to button quail lay eggs,how often to button quail lay eggs,SanText,25
332593,how often to button quail lay eggs,how often to button quail lay eggs,SanText,25
332593,how often to button quail lay eggs,how often to button quail lay eggs,SanText,25
332593,how often to button quail lay eggs,how often to button quail lay eggs,SanText,25
332593,how often to button quail lay eggs,how often to button quail lay eggs,SanText,25
332593,how often to button quail lay eggs,how often to button quail lay eggs,SanText,25
332593,how often to button quail lay eggs,how often to button quail lay eggs,SanText,25
332593,how often to button quail lay eggs,how often to button quail lay eggs,SanText,25
332593,how often to button quail lay eggs,how often to button quail lay eggs,SanText,25
332593,how often to button quail lay eggs,how often to button quail lay eggs,SanText,25
332593,how often to button quail lay eggs,how often to button quail lay eggs,SanText,25
332593,how often to button quail lay eggs,how often to button quail lay eggs,SanText,25
332593,how often to button quail lay eggs,how often to button quail lay eggs,SanText,25
332593,how often to button quail lay eggs,how often to button quail lay eggs,SanText,25
332593,how often to button quail lay eggs,how often to button quail lay eggs,SanText,25
332593,how often to button quail lay eggs,how often to button quail lay eggs,SanText,25
332593,how often to button quail lay eggs,how often to button quail lay eggs,SanText,25
332593,how often to button quail lay eggs,how often to button quail lay eggs,SanText,25
332593,how often to button quail lay eggs,how often to button quail lay eggs,SanText,25
332593,how often to button quail lay eggs,how often to button quail lay eggs,SanText,25
332593,how often to button quail lay eggs,how often to button quail lay eggs,SanText,25
332593,how often to button quail lay eggs,how often to button quail lay eggs,SanText,25
332593,how often to button quail lay eggs,how often to button quail lay eggs,SanText,25
332593,how often to button quail lay eggs,how often to button quail lay eggs,SanText,25
332593,how often to button quail lay eggs,how often to button quail lay eggs,SanText,25
332593,how often to button quail lay eggs,how often to button quail lay eggs,SanText,25
332593,how often to button quail lay eggs,how often to button quail lay eggs,SanText,25
332593,how often to button quail lay eggs,how often to button quail lay eggs,SanText,25
332593,how often to button quail lay eggs,how often to button quail lay eggs,SanText,25
332593,how often to button quail lay eggs,how often to button quail lay eggs,SanText,25
332593,how often to button quail lay eggs,how often to button quail lay eggs,SanText,25
332593,how often to button quail lay eggs,how often to button quail lay eggs,SanText,25
332593,how often to button quail lay eggs,how often to button quail lay eggs,SanText,25
332593,how often to button quail lay eggs,how often to button quail lay eggs,SanText,25
332593,how often to button quail lay eggs,how often to button quail lay eggs,SanText,25
332593,how often to button quail lay eggs,how often to button quail lay eggs,SanText,25
332593,how often to button quail lay eggs,how often to button quail lay eggs,SanText,25
332593,how often to button quail lay eggs,how often to button quail lay eggs,SanText,25
332593,how often to button quail lay eggs,how often to button quail lay eggs,SanText,25
332593,how often to button quail lay eggs,how often to button quail lay eggs,SanText,25
332593,how often to button quail lay eggs,how often to button quail lay eggs,SanText,25
332593,how often to button quail lay eggs,how often to button quail lay eggs,SanText,25
332593,how often to button quail lay eggs,how often to button quail lay eggs,SanText,25
332593,how often to button quail lay eggs,how often to button quail lay eggs,SanText,25
332593,how often to button quail lay eggs,how often to button quail lay eggs,SanText,25
336901,how old is vanessa redgrave,how old is vanessa redgrave,SanText,25
336901,how old is vanessa redgrave,how old is vanessa redgrave,SanText,25
336901,how old is vanessa redgrave,how old is vanessa redgrave,SanText,25
336901,how old is vanessa redgrave,how old is vanessa redgrave,SanText,25
336901,how old is vanessa redgrave,how old is vanessa redgrave,SanText,25
336901,how old is vanessa redgrave,how old is vanessa redgrave,SanText,25
336901,how old is vanessa redgrave,how old is vanessa redgrave,SanText,25
336901,how old is vanessa redgrave,how old is vanessa redgrave,SanText,25
336901,how old is vanessa redgrave,how old is vanessa redgrave,SanText,25
336901,how old is vanessa redgrave,how old is vanessa redgrave,SanText,25
336901,how old is vanessa redgrave,how old is vanessa redgrave,SanText,25
336901,how old is vanessa redgrave,how old is vanessa redgrave,SanText,25
336901,how old is vanessa redgrave,how old is vanessa redgrave,SanText,25
336901,how old is vanessa redgrave,how old is vanessa redgrave,SanText,25
336901,how old is vanessa redgrave,how old is vanessa redgrave,SanText,25
336901,how old is vanessa redgrave,how old is vanessa redgrave,SanText,25
336901,how old is vanessa redgrave,how old is vanessa redgrave,SanText,25
336901,how old is vanessa redgrave,how old is vanessa redgrave,SanText,25
336901,how old is vanessa redgrave,how old is vanessa redgrave,SanText,25
336901,how old is vanessa redgrave,how old is vanessa redgrave,SanText,25
336901,how old is vanessa redgrave,how old is vanessa redgrave,SanText,25
336901,how old is vanessa redgrave,how old is vanessa redgrave,SanText,25
336901,how old is vanessa redgrave,how old is vanessa redgrave,SanText,25
336901,how old is vanessa redgrave,how old is vanessa redgrave,SanText,25
336901,how old is vanessa redgrave,how old is vanessa redgrave,SanText,25
336901,how old is vanessa redgrave,how old is vanessa redgrave,SanText,25
336901,how old is vanessa redgrave,how old is vanessa redgrave,SanText,25
336901,how old is vanessa redgrave,how old is vanessa redgrave,SanText,25
336901,how old is vanessa redgrave,how old is vanessa redgrave,SanText,25
336901,how old is vanessa redgrave,how old is vanessa redgrave,SanText,25
336901,how old is vanessa redgrave,how old is vanessa redgrave,SanText,25
336901,how old is vanessa redgrave,how old is vanessa redgrave,SanText,25
336901,how old is vanessa redgrave,how old is vanessa redgrave,SanText,25
336901,how old is vanessa redgrave,how old is vanessa redgrave,SanText,25
336901,how old is vanessa redgrave,how old is vanessa redgrave,SanText,25
336901,how old is vanessa redgrave,how old is vanessa redgrave,SanText,25
336901,how old is vanessa redgrave,how old is vanessa redgrave,SanText,25
336901,how old is vanessa redgrave,how old is vanessa redgrave,SanText,25
336901,how old is vanessa redgrave,how old is vanessa redgrave,SanText,25
336901,how old is vanessa redgrave,how old is vanessa redgrave,SanText,25
336901,how old is vanessa redgrave,how old is vanessa redgrave,SanText,25
336901,how old is vanessa redgrave,how old is vanessa redgrave,SanText,25
336901,how old is vanessa redgrave,how old is vanessa redgrave,SanText,25
336901,how old is vanessa redgrave,how old is vanessa redgrave,SanText,25
336901,how old is vanessa redgrave,how old is vanessa redgrave,SanText,25
336901,how old is vanessa redgrave,how old is vanessa redgrave,SanText,25
336901,how old is vanessa redgrave,how old is vanessa redgrave,SanText,25
336901,how old is vanessa redgrave,how old is vanessa redgrave,SanText,25
336901,how old is vanessa redgrave,how old is vanessa redgrave,SanText,25
336901,how old is vanessa redgrave,how old is vanessa redgrave,SanText,25
390360,ia suffix meaning,ia suffix meaning,SanText,25
390360,ia suffix meaning,ia suffix meaning,SanText,25
390360,ia suffix meaning,ia suffix meaning,SanText,25
390360,ia suffix meaning,ia suffix meaning,SanText,25
390360,ia suffix meaning,ia suffix meaning,SanText,25
390360,ia suffix meaning,ia suffix meaning,SanText,25
390360,ia suffix meaning,ia suffix meaning,SanText,25
390360,ia suffix meaning,ia suffix meaning,SanText,25
390360,ia suffix meaning,ia suffix meaning,SanText,25
390360,ia suffix meaning,ia suffix meaning,SanText,25
390360,ia suffix meaning,ia suffix meaning,SanText,25
390360,ia suffix meaning,ia suffix meaning,SanText,25
390360,ia suffix meaning,ia suffix meaning,SanText,25
390360,ia suffix meaning,ia suffix meaning,SanText,25
390360,ia suffix meaning,ia suffix meaning,SanText,25
390360,ia suffix meaning,ia suffix meaning,SanText,25
390360,ia suffix meaning,ia suffix meaning,SanText,25
390360,ia suffix meaning,ia suffix meaning,SanText,25
390360,ia suffix meaning,ia suffix meaning,SanText,25
390360,ia suffix meaning,ia suffix meaning,SanText,25
390360,ia suffix meaning,ia suffix meaning,SanText,25
390360,ia suffix meaning,ia suffix meaning,SanText,25
390360,ia suffix meaning,ia suffix meaning,SanText,25
390360,ia suffix meaning,ia suffix meaning,SanText,25
390360,ia suffix meaning,ia suffix meaning,SanText,25
390360,ia suffix meaning,ia suffix meaning,SanText,25
390360,ia suffix meaning,ia suffix meaning,SanText,25
390360,ia suffix meaning,ia suffix meaning,SanText,25
390360,ia suffix meaning,ia suffix meaning,SanText,25
390360,ia suffix meaning,ia suffix meaning,SanText,25
390360,ia suffix meaning,ia suffix meaning,SanText,25
390360,ia suffix meaning,ia suffix meaning,SanText,25
390360,ia suffix meaning,ia suffix meaning,SanText,25
390360,ia suffix meaning,ia suffix meaning,SanText,25
390360,ia suffix meaning,ia suffix meaning,SanText,25
390360,ia suffix meaning,ia suffix meaning,SanText,25
390360,ia suffix meaning,ia suffix meaning,SanText,25
390360,ia suffix meaning,ia suffix meaning,SanText,25
390360,ia suffix meaning,ia suffix meaning,SanText,25
390360,ia suffix meaning,ia suffix meaning,SanText,25
390360,ia suffix meaning,ia suffix meaning,SanText,25
390360,ia suffix meaning,ia suffix meaning,SanText,25
390360,ia suffix meaning,ia suffix meaning,SanText,25
390360,ia suffix meaning,ia suffix meaning,SanText,25
390360,ia suffix meaning,ia suffix meaning,SanText,25
390360,ia suffix meaning,ia suffix meaning,SanText,25
390360,ia suffix meaning,ia suffix meaning,SanText,25
390360,ia suffix meaning,ia suffix meaning,SanText,25
390360,ia suffix meaning,ia suffix meaning,SanText,25
390360,ia suffix meaning,ia suffix meaning,SanText,25
405163,is caffeine an narcotic,is caffeine an narcotic,SanText,25
405163,is caffeine an narcotic,is caffeine an narcotic,SanText,25
405163,is caffeine an narcotic,is caffeine an narcotic,SanText,25
405163,is caffeine an narcotic,is caffeine an narcotic,SanText,25
405163,is caffeine an narcotic,is caffeine an narcotic,SanText,25
405163,is caffeine an narcotic,is caffeine an narcotic,SanText,25
405163,is caffeine an narcotic,is caffeine an narcotic,SanText,25
405163,is caffeine an narcotic,is caffeine an narcotic,SanText,25
405163,is caffeine an narcotic,is caffeine an narcotic,SanText,25
405163,is caffeine an narcotic,is caffeine an narcotic,SanText,25
405163,is caffeine an narcotic,is caffeine an narcotic,SanText,25
405163,is caffeine an narcotic,is caffeine an narcotic,SanText,25
405163,is caffeine an narcotic,is caffeine an narcotic,SanText,25
405163,is caffeine an narcotic,is caffeine an narcotic,SanText,25
405163,is caffeine an narcotic,is caffeine an narcotic,SanText,25
405163,is caffeine an narcotic,is caffeine an narcotic,SanText,25
405163,is caffeine an narcotic,is caffeine an narcotic,SanText,25
405163,is caffeine an narcotic,is caffeine an narcotic,SanText,25
405163,is caffeine an narcotic,is caffeine an narcotic,SanText,25
405163,is caffeine an narcotic,is caffeine an narcotic,SanText,25
405163,is caffeine an narcotic,is caffeine an narcotic,SanText,25
405163,is caffeine an narcotic,is caffeine an narcotic,SanText,25
405163,is caffeine an narcotic,is caffeine an narcotic,SanText,25
405163,is caffeine an narcotic,is caffeine an narcotic,SanText,25
405163,is caffeine an narcotic,is caffeine an narcotic,SanText,25
405163,is caffeine an narcotic,is caffeine an narcotic,SanText,25
405163,is caffeine an narcotic,is caffeine an narcotic,SanText,25
405163,is caffeine an narcotic,is caffeine an narcotic,SanText,25
405163,is caffeine an narcotic,is caffeine an narcotic,SanText,25
405163,is caffeine an narcotic,is caffeine an narcotic,SanText,25
405163,is caffeine an narcotic,is caffeine an narcotic,SanText,25
405163,is caffeine an narcotic,is caffeine an narcotic,SanText,25
405163,is caffeine an narcotic,is caffeine an narcotic,SanText,25
405163,is caffeine an narcotic,is caffeine an narcotic,SanText,25
405163,is caffeine an narcotic,is caffeine an narcotic,SanText,25
405163,is caffeine an narcotic,is caffeine an narcotic,SanText,25
405163,is caffeine an narcotic,is caffeine an narcotic,SanText,25
405163,is caffeine an narcotic,is caffeine an narcotic,SanText,25
405163,is caffeine an narcotic,is caffeine an narcotic,SanText,25
405163,is caffeine an narcotic,is caffeine an narcotic,SanText,25
405163,is caffeine an narcotic,is caffeine an narcotic,SanText,25
405163,is caffeine an narcotic,is caffeine an narcotic,SanText,25
405163,is caffeine an narcotic,is caffeine an narcotic,SanText,25
405163,is caffeine an narcotic,is caffeine an narcotic,SanText,25
405163,is caffeine an narcotic,is caffeine an narcotic,SanText,25
405163,is caffeine an narcotic,is caffeine an narcotic,SanText,25
405163,is caffeine an narcotic,is caffeine an narcotic,SanText,25
405163,is caffeine an narcotic,is caffeine an narcotic,SanText,25
405163,is caffeine an narcotic,is caffeine an narcotic,SanText,25
405163,is caffeine an narcotic,is caffeine an narcotic,SanText,25
42255,average salary for dental hygienist in nebraska,average salary for dental hygienist in nebraska,SanText,25
42255,average salary for dental hygienist in nebraska,average salary for dental hygienist in nebraska,SanText,25
42255,average salary for dental hygienist in nebraska,average salary for dental hygienist in nebraska,SanText,25
42255,average salary for dental hygienist in nebraska,average salary for dental hygienist in nebraska,SanText,25
42255,average salary for dental hygienist in nebraska,average salary for dental hygienist in nebraska,SanText,25
42255,average salary for dental hygienist in nebraska,average salary for dental hygienist in nebraska,SanText,25
42255,average salary for dental hygienist in nebraska,average salary for dental hygienist in nebraska,SanText,25
42255,average salary for dental hygienist in nebraska,average salary for dental hygienist in nebraska,SanText,25
42255,average salary for dental hygienist in nebraska,average salary for dental hygienist in nebraska,SanText,25
42255,average salary for dental hygienist in nebraska,average salary for dental hygienist in nebraska,SanText,25
42255,average salary for dental hygienist in nebraska,average salary for dental hygienist in nebraska,SanText,25
42255,average salary for dental hygienist in nebraska,average salary for dental hygienist in nebraska,SanText,25
42255,average salary for dental hygienist in nebraska,average salary for dental hygienist in nebraska,SanText,25
42255,average salary for dental hygienist in nebraska,average salary for dental hygienist in nebraska,SanText,25
42255,average salary for dental hygienist in nebraska,average salary for dental hygienist in nebraska,SanText,25
42255,average salary for dental hygienist in nebraska,average salary for dental hygienist in nebraska,SanText,25
42255,average salary for dental hygienist in nebraska,average salary for dental hygienist in nebraska,SanText,25
42255,average salary for dental hygienist in nebraska,average salary for dental hygienist in nebraska,SanText,25
42255,average salary for dental hygienist in nebraska,average salary for dental hygienist in nebraska,SanText,25
42255,average salary for dental hygienist in nebraska,average salary for dental hygienist in nebraska,SanText,25
42255,average salary for dental hygienist in nebraska,average salary for dental hygienist in nebraska,SanText,25
42255,average salary for dental hygienist in nebraska,average salary for dental hygienist in nebraska,SanText,25
42255,average salary for dental hygienist in nebraska,average salary for dental hygienist in nebraska,SanText,25
42255,average salary for dental hygienist in nebraska,average salary for dental hygienist in nebraska,SanText,25
42255,average salary for dental hygienist in nebraska,average salary for dental hygienist in nebraska,SanText,25
42255,average salary for dental hygienist in nebraska,average salary for dental hygienist in nebraska,SanText,25
42255,average salary for dental hygienist in nebraska,average salary for dental hygienist in nebraska,SanText,25
42255,average salary for dental hygienist in nebraska,average salary for dental hygienist in nebraska,SanText,25
42255,average salary for dental hygienist in nebraska,average salary for dental hygienist in nebraska,SanText,25
42255,average salary for dental hygienist in nebraska,average salary for dental hygienist in nebraska,SanText,25
42255,average salary for dental hygienist in nebraska,average salary for dental hygienist in nebraska,SanText,25
42255,average salary for dental hygienist in nebraska,average salary for dental hygienist in nebraska,SanText,25
42255,average salary for dental hygienist in nebraska,average salary for dental hygienist in nebraska,SanText,25
42255,average salary for dental hygienist in nebraska,average salary for dental hygienist in nebraska,SanText,25
42255,average salary for dental hygienist in nebraska,average salary for dental hygienist in nebraska,SanText,25
42255,average salary for dental hygienist in nebraska,average salary for dental hygienist in nebraska,SanText,25
42255,average salary for dental hygienist in nebraska,average salary for dental hygienist in nebraska,SanText,25
42255,average salary for dental hygienist in nebraska,average salary for dental hygienist in nebraska,SanText,25
42255,average salary for dental hygienist in nebraska,average salary for dental hygienist in nebraska,SanText,25
42255,average salary for dental hygienist in nebraska,average salary for dental hygienist in nebraska,SanText,25
42255,average salary for dental hygienist in nebraska,average salary for dental hygienist in nebraska,SanText,25
42255,average salary for dental hygienist in nebraska,average salary for dental hygienist in nebraska,SanText,25
42255,average salary for dental hygienist in nebraska,average salary for dental hygienist in nebraska,SanText,25
42255,average salary for dental hygienist in nebraska,average salary for dental hygienist in nebraska,SanText,25
42255,average salary for dental hygienist in nebraska,average salary for dental hygienist in nebraska,SanText,25
42255,average salary for dental hygienist in nebraska,average salary for dental hygienist in nebraska,SanText,25
42255,average salary for dental hygienist in nebraska,average salary for dental hygienist in nebraska,SanText,25
42255,average salary for dental hygienist in nebraska,average salary for dental hygienist in nebraska,SanText,25
42255,average salary for dental hygienist in nebraska,average salary for dental hygienist in nebraska,SanText,25
42255,average salary for dental hygienist in nebraska,average salary for dental hygienist in nebraska,SanText,25
47210,average wedding dress alteration cost,average wedding dress alteration cost,SanText,25
47210,average wedding dress alteration cost,average wedding dress alteration cost,SanText,25
47210,average wedding dress alteration cost,average wedding dress alteration cost,SanText,25
47210,average wedding dress alteration cost,average wedding dress alteration cost,SanText,25
47210,average wedding dress alteration cost,average wedding dress alteration cost,SanText,25
47210,average wedding dress alteration cost,average wedding dress alteration cost,SanText,25
47210,average wedding dress alteration cost,average wedding dress alteration cost,SanText,25
47210,average wedding dress alteration cost,average wedding dress alteration cost,SanText,25
47210,average wedding dress alteration cost,average wedding dress alteration cost,SanText,25
47210,average wedding dress alteration cost,average wedding dress alteration cost,SanText,25
47210,average wedding dress alteration cost,average wedding dress alteration cost,SanText,25
47210,average wedding dress alteration cost,average wedding dress alteration cost,SanText,25
47210,average wedding dress alteration cost,average wedding dress alteration cost,SanText,25
47210,average wedding dress alteration cost,average wedding dress alteration cost,SanText,25
47210,average wedding dress alteration cost,average wedding dress alteration cost,SanText,25
47210,average wedding dress alteration cost,average wedding dress alteration cost,SanText,25
47210,average wedding dress alteration cost,average wedding dress alteration cost,SanText,25
47210,average wedding dress alteration cost,average wedding dress alteration cost,SanText,25
47210,average wedding dress alteration cost,average wedding dress alteration cost,SanText,25
47210,average wedding dress alteration cost,average wedding dress alteration cost,SanText,25
47210,average wedding dress alteration cost,average wedding dress alteration cost,SanText,25
47210,average wedding dress alteration cost,average wedding dress alteration cost,SanText,25
47210,average wedding dress alteration cost,average wedding dress alteration cost,SanText,25
47210,average wedding dress alteration cost,average wedding dress alteration cost,SanText,25
47210,average wedding dress alteration cost,average wedding dress alteration cost,SanText,25
47210,average wedding dress alteration cost,average wedding dress alteration cost,SanText,25
47210,average wedding dress alteration cost,average wedding dress alteration cost,SanText,25
47210,average wedding dress alteration cost,average wedding dress alteration cost,SanText,25
47210,average wedding dress alteration cost,average wedding dress alteration cost,SanText,25
47210,average wedding dress alteration cost,average wedding dress alteration cost,SanText,25
47210,average wedding dress alteration cost,average wedding dress alteration cost,SanText,25
47210,average wedding dress alteration cost,average wedding dress alteration cost,SanText,25
47210,average wedding dress alteration cost,average wedding dress alteration cost,SanText,25
47210,average wedding dress alteration cost,average wedding dress alteration cost,SanText,25
47210,average wedding dress alteration cost,average wedding dress alteration cost,SanText,25
47210,average wedding dress alteration cost,average wedding dress alteration cost,SanText,25
47210,average wedding dress alteration cost,average wedding dress alteration cost,SanText,25
47210,average wedding dress alteration cost,average wedding dress alteration cost,SanText,25
47210,average wedding dress alteration cost,average wedding dress alteration cost,SanText,25
47210,average wedding dress alteration cost,average wedding dress alteration cost,SanText,25
47210,average wedding dress alteration cost,average wedding dress alteration cost,SanText,25
47210,average wedding dress alteration cost,average wedding dress alteration cost,SanText,25
47210,average wedding dress alteration cost,average wedding dress alteration cost,SanText,25
47210,average wedding dress alteration cost,average wedding dress alteration cost,SanText,25
47210,average wedding dress alteration cost,average wedding dress alteration cost,SanText,25
47210,average wedding dress alteration cost,average wedding dress alteration cost,SanText,25
47210,average wedding dress alteration cost,average wedding dress alteration cost,SanText,25
47210,average wedding dress alteration cost,average wedding dress alteration cost,SanText,25
47210,average wedding dress alteration cost,average wedding dress alteration cost,SanText,25
47210,average wedding dress alteration cost,average wedding dress alteration cost,SanText,25
555530,what are best foods to lower cholesterol,what are best foods to lower cholesterol,SanText,25
555530,what are best foods to lower cholesterol,what are best foods to lower cholesterol,SanText,25
555530,what are best foods to lower cholesterol,what are best foods to lower cholesterol,SanText,25
555530,what are best foods to lower cholesterol,what are best foods to lower cholesterol,SanText,25
555530,what are best foods to lower cholesterol,what are best foods to lower cholesterol,SanText,25
555530,what are best foods to lower cholesterol,what are best foods to lower cholesterol,SanText,25
555530,what are best foods to lower cholesterol,what are best foods to lower cholesterol,SanText,25
555530,what are best foods to lower cholesterol,what are best foods to lower cholesterol,SanText,25
555530,what are best foods to lower cholesterol,what are best foods to lower cholesterol,SanText,25
555530,what are best foods to lower cholesterol,what are best foods to lower cholesterol,SanText,25
555530,what are best foods to lower cholesterol,what are best foods to lower cholesterol,SanText,25
555530,what are best foods to lower cholesterol,what are best foods to lower cholesterol,SanText,25
555530,what are best foods to lower cholesterol,what are best foods to lower cholesterol,SanText,25
555530,what are best foods to lower cholesterol,what are best foods to lower cholesterol,SanText,25
555530,what are best foods to lower cholesterol,what are best foods to lower cholesterol,SanText,25
555530,what are best foods to lower cholesterol,what are best foods to lower cholesterol,SanText,25
555530,what are best foods to lower cholesterol,what are best foods to lower cholesterol,SanText,25
555530,what are best foods to lower cholesterol,what are best foods to lower cholesterol,SanText,25
555530,what are best foods to lower cholesterol,what are best foods to lower cholesterol,SanText,25
555530,what are best foods to lower cholesterol,what are best foods to lower cholesterol,SanText,25
555530,what are best foods to lower cholesterol,what are best foods to lower cholesterol,SanText,25
555530,what are best foods to lower cholesterol,what are best foods to lower cholesterol,SanText,25
555530,what are best foods to lower cholesterol,what are best foods to lower cholesterol,SanText,25
555530,what are best foods to lower cholesterol,what are best foods to lower cholesterol,SanText,25
555530,what are best foods to lower cholesterol,what are best foods to lower cholesterol,SanText,25
555530,what are best foods to lower cholesterol,what are best foods to lower cholesterol,SanText,25
555530,what are best foods to lower cholesterol,what are best foods to lower cholesterol,SanText,25
555530,what are best foods to lower cholesterol,what are best foods to lower cholesterol,SanText,25
555530,what are best foods to lower cholesterol,what are best foods to lower cholesterol,SanText,25
555530,what are best foods to lower cholesterol,what are best foods to lower cholesterol,SanText,25
555530,what are best foods to lower cholesterol,what are best foods to lower cholesterol,SanText,25
555530,what are best foods to lower cholesterol,what are best foods to lower cholesterol,SanText,25
555530,what are best foods to lower cholesterol,what are best foods to lower cholesterol,SanText,25
555530,what are best foods to lower cholesterol,what are best foods to lower cholesterol,SanText,25
555530,what are best foods to lower cholesterol,what are best foods to lower cholesterol,SanText,25
555530,what are best foods to lower cholesterol,what are best foods to lower cholesterol,SanText,25
555530,what are best foods to lower cholesterol,what are best foods to lower cholesterol,SanText,25
555530,what are best foods to lower cholesterol,what are best foods to lower cholesterol,SanText,25
555530,what are best foods to lower cholesterol,what are best foods to lower cholesterol,SanText,25
555530,what are best foods to lower cholesterol,what are best foods to lower cholesterol,SanText,25
555530,what are best foods to lower cholesterol,what are best foods to lower cholesterol,SanText,25
555530,what are best foods to lower cholesterol,what are best foods to lower cholesterol,SanText,25
555530,what are best foods to lower cholesterol,what are best foods to lower cholesterol,SanText,25
555530,what are best foods to lower cholesterol,what are best foods to lower cholesterol,SanText,25
555530,what are best foods to lower cholesterol,what are best foods to lower cholesterol,SanText,25
555530,what are best foods to lower cholesterol,what are best foods to lower cholesterol,SanText,25
555530,what are best foods to lower cholesterol,what are best foods to lower cholesterol,SanText,25
555530,what are best foods to lower cholesterol,what are best foods to lower cholesterol,SanText,25
555530,what are best foods to lower cholesterol,what are best foods to lower cholesterol,SanText,25
555530,what are best foods to lower cholesterol,what are best foods to lower cholesterol,SanText,25
583468,what carvedilol used for,what carvedilol used for,SanText,25
583468,what carvedilol used for,what carvedilol used for,SanText,25
583468,what carvedilol used for,what carvedilol used for,SanText,25
583468,what carvedilol used for,what carvedilol used for,SanText,25
583468,what carvedilol used for,what carvedilol used for,SanText,25
583468,what carvedilol used for,what carvedilol used for,SanText,25
583468,what carvedilol used for,what carvedilol used for,SanText,25
583468,what carvedilol used for,what carvedilol used for,SanText,25
583468,what carvedilol used for,what carvedilol used for,SanText,25
583468,what carvedilol used for,what carvedilol used for,SanText,25
583468,what carvedilol used for,what carvedilol used for,SanText,25
583468,what carvedilol used for,what carvedilol used for,SanText,25
583468,what carvedilol used for,what carvedilol used for,SanText,25
583468,what carvedilol used for,what carvedilol used for,SanText,25
583468,what carvedilol used for,what carvedilol used for,SanText,25
583468,what carvedilol used for,what carvedilol used for,SanText,25
583468,what carvedilol used for,what carvedilol used for,SanText,25
583468,what carvedilol used for,what carvedilol used for,SanText,25
583468,what carvedilol used for,what carvedilol used for,SanText,25
583468,what carvedilol used for,what carvedilol used for,SanText,25
583468,what carvedilol used for,what carvedilol used for,SanText,25
583468,what carvedilol used for,what carvedilol used for,SanText,25
583468,what carvedilol used for,what carvedilol used for,SanText,25
583468,what carvedilol used for,what carvedilol used for,SanText,25
583468,what carvedilol used for,what carvedilol used for,SanText,25
583468,what carvedilol used for,what carvedilol used for,SanText,25
583468,what carvedilol used for,what carvedilol used for,SanText,25
583468,what carvedilol used for,what carvedilol used for,SanText,25
583468,what carvedilol used for,what carvedilol used for,SanText,25
583468,what carvedilol used for,what carvedilol used for,SanText,25
583468,what carvedilol used for,what carvedilol used for,SanText,25
583468,what carvedilol used for,what carvedilol used for,SanText,25
583468,what carvedilol used for,what carvedilol used for,SanText,25
583468,what carvedilol used for,what carvedilol used for,SanText,25
583468,what carvedilol used for,what carvedilol used for,SanText,25
583468,what carvedilol used for,what carvedilol used for,SanText,25
583468,what carvedilol used for,what carvedilol used for,SanText,25
583468,what carvedilol used for,what carvedilol used for,SanText,25
583468,what carvedilol used for,what carvedilol used for,SanText,25
583468,what carvedilol used for,what carvedilol used for,SanText,25
583468,what carvedilol used for,what carvedilol used for,SanText,25
583468,what carvedilol used for,what carvedilol used for,SanText,25
583468,what carvedilol used for,what carvedilol used for,SanText,25
583468,what carvedilol used for,what carvedilol used for,SanText,25
583468,what carvedilol used for,what carvedilol used for,SanText,25
583468,what carvedilol used for,what carvedilol used for,SanText,25
583468,what carvedilol used for,what carvedilol used for,SanText,25
583468,what carvedilol used for,what carvedilol used for,SanText,25
583468,what carvedilol used for,what carvedilol used for,SanText,25
583468,what carvedilol used for,what carvedilol used for,SanText,25
640502,what does it mean if your tsh is low,what does it mean if your tsh is low,SanText,25
640502,what does it mean if your tsh is low,what does it mean if your tsh is low,SanText,25
640502,what does it mean if your tsh is low,what does it mean if your tsh is low,SanText,25
640502,what does it mean if your tsh is low,what does it mean if your tsh is low,SanText,25
640502,what does it mean if your tsh is low,what does it mean if your tsh is low,SanText,25
640502,what does it mean if your tsh is low,what does it mean if your tsh is low,SanText,25
640502,what does it mean if your tsh is low,what does it mean if your tsh is low,SanText,25
640502,what does it mean if your tsh is low,what does it mean if your tsh is low,SanText,25
640502,what does it mean if your tsh is low,what does it mean if your tsh is low,SanText,25
640502,what does it mean if your tsh is low,what does it mean if your tsh is low,SanText,25
640502,what does it mean if your tsh is low,what does it mean if your tsh is low,SanText,25
640502,what does it mean if your tsh is low,what does it mean if your tsh is low,SanText,25
640502,what does it mean if your tsh is low,what does it mean if your tsh is low,SanText,25
640502,what does it mean if your tsh is low,what does it mean if your tsh is low,SanText,25
640502,what does it mean if your tsh is low,what does it mean if your tsh is low,SanText,25
640502,what does it mean if your tsh is low,what does it mean if your tsh is low,SanText,25
640502,what does it mean if your tsh is low,what does it mean if your tsh is low,SanText,25
640502,what does it mean if your tsh is low,what does it mean if your tsh is low,SanText,25
640502,what does it mean if your tsh is low,what does it mean if your tsh is low,SanText,25
640502,what does it mean if your tsh is low,what does it mean if your tsh is low,SanText,25
640502,what does it mean if your tsh is low,what does it mean if your tsh is low,SanText,25
640502,what does it mean if your tsh is low,what does it mean if your tsh is low,SanText,25
640502,what does it mean if your tsh is low,what does it mean if your tsh is low,SanText,25
640502,what does it mean if your tsh is low,what does it mean if your tsh is low,SanText,25
640502,what does it mean if your tsh is low,what does it mean if your tsh is low,SanText,25
640502,what does it mean if your tsh is low,what does it mean if your tsh is low,SanText,25
640502,what does it mean if your tsh is low,what does it mean if your tsh is low,SanText,25
640502,what does it mean if your tsh is low,what does it mean if your tsh is low,SanText,25
640502,what does it mean if your tsh is low,what does it mean if your tsh is low,SanText,25
640502,what does it mean if your tsh is low,what does it mean if your tsh is low,SanText,25
640502,what does it mean if your tsh is low,what does it mean if your tsh is low,SanText,25
640502,what does it mean if your tsh is low,what does it mean if your tsh is low,SanText,25
640502,what does it mean if your tsh is low,what does it mean if your tsh is low,SanText,25
640502,what does it mean if your tsh is low,what does it mean if your tsh is low,SanText,25
640502,what does it mean if your tsh is low,what does it mean if your tsh is low,SanText,25
640502,what does it mean if your tsh is low,what does it mean if your tsh is low,SanText,25
640502,what does it mean if your tsh is low,what does it mean if your tsh is low,SanText,25
640502,what does it mean if your tsh is low,what does it mean if your tsh is low,SanText,25
640502,what does it mean if your tsh is low,what does it mean if your tsh is low,SanText,25
640502,what does it mean if your tsh is low,what does it mean if your tsh is low,SanText,25
640502,what does it mean if your tsh is low,what does it mean if your tsh is low,SanText,25
640502,what does it mean if your tsh is low,what does it mean if your tsh is low,SanText,25
640502,what does it mean if your tsh is low,what does it mean if your tsh is low,SanText,25
640502,what does it mean if your tsh is low,what does it mean if your tsh is low,SanText,25
640502,what does it mean if your tsh is low,what does it mean if your tsh is low,SanText,25
640502,what does it mean if your tsh is low,what does it mean if your tsh is low,SanText,25
640502,what does it mean if your tsh is low,what does it mean if your tsh is low,SanText,25
640502,what does it mean if your tsh is low,what does it mean if your tsh is low,SanText,25
640502,what does it mean if your tsh is low,what does it mean if your tsh is low,SanText,25
640502,what does it mean if your tsh is low,what does it mean if your tsh is low,SanText,25
67316,can fever cause miscarriage early pregnancy,can fever cause miscarriage early pregnancy,SanText,25
67316,can fever cause miscarriage early pregnancy,can fever cause miscarriage early pregnancy,SanText,25
67316,can fever cause miscarriage early pregnancy,can fever cause miscarriage early pregnancy,SanText,25
67316,can fever cause miscarriage early pregnancy,can fever cause miscarriage early pregnancy,SanText,25
67316,can fever cause miscarriage early pregnancy,can fever cause miscarriage early pregnancy,SanText,25
67316,can fever cause miscarriage early pregnancy,can fever cause miscarriage early pregnancy,SanText,25
67316,can fever cause miscarriage early pregnancy,can fever cause miscarriage early pregnancy,SanText,25
67316,can fever cause miscarriage early pregnancy,can fever cause miscarriage early pregnancy,SanText,25
67316,can fever cause miscarriage early pregnancy,can fever cause miscarriage early pregnancy,SanText,25
67316,can fever cause miscarriage early pregnancy,can fever cause miscarriage early pregnancy,SanText,25
67316,can fever cause miscarriage early pregnancy,can fever cause miscarriage early pregnancy,SanText,25
67316,can fever cause miscarriage early pregnancy,can fever cause miscarriage early pregnancy,SanText,25
67316,can fever cause miscarriage early pregnancy,can fever cause miscarriage early pregnancy,SanText,25
67316,can fever cause miscarriage early pregnancy,can fever cause miscarriage early pregnancy,SanText,25
67316,can fever cause miscarriage early pregnancy,can fever cause miscarriage early pregnancy,SanText,25
67316,can fever cause miscarriage early pregnancy,can fever cause miscarriage early pregnancy,SanText,25
67316,can fever cause miscarriage early pregnancy,can fever cause miscarriage early pregnancy,SanText,25
67316,can fever cause miscarriage early pregnancy,can fever cause miscarriage early pregnancy,SanText,25
67316,can fever cause miscarriage early pregnancy,can fever cause miscarriage early pregnancy,SanText,25
67316,can fever cause miscarriage early pregnancy,can fever cause miscarriage early pregnancy,SanText,25
67316,can fever cause miscarriage early pregnancy,can fever cause miscarriage early pregnancy,SanText,25
67316,can fever cause miscarriage early pregnancy,can fever cause miscarriage early pregnancy,SanText,25
67316,can fever cause miscarriage early pregnancy,can fever cause miscarriage early pregnancy,SanText,25
67316,can fever cause miscarriage early pregnancy,can fever cause miscarriage early pregnancy,SanText,25
67316,can fever cause miscarriage early pregnancy,can fever cause miscarriage early pregnancy,SanText,25
67316,can fever cause miscarriage early pregnancy,can fever cause miscarriage early pregnancy,SanText,25
67316,can fever cause miscarriage early pregnancy,can fever cause miscarriage early pregnancy,SanText,25
67316,can fever cause miscarriage early pregnancy,can fever cause miscarriage early pregnancy,SanText,25
67316,can fever cause miscarriage early pregnancy,can fever cause miscarriage early pregnancy,SanText,25
67316,can fever cause miscarriage early pregnancy,can fever cause miscarriage early pregnancy,SanText,25
67316,can fever cause miscarriage early pregnancy,can fever cause miscarriage early pregnancy,SanText,25
67316,can fever cause miscarriage early pregnancy,can fever cause miscarriage early pregnancy,SanText,25
67316,can fever cause miscarriage early pregnancy,can fever cause miscarriage early pregnancy,SanText,25
67316,can fever cause miscarriage early pregnancy,can fever cause miscarriage early pregnancy,SanText,25
67316,can fever cause miscarriage early pregnancy,can fever cause miscarriage early pregnancy,SanText,25
67316,can fever cause miscarriage early pregnancy,can fever cause miscarriage early pregnancy,SanText,25
67316,can fever cause miscarriage early pregnancy,can fever cause miscarriage early pregnancy,SanText,25
67316,can fever cause miscarriage early pregnancy,can fever cause miscarriage early pregnancy,SanText,25
67316,can fever cause miscarriage early pregnancy,can fever cause miscarriage early pregnancy,SanText,25
67316,can fever cause miscarriage early pregnancy,can fever cause miscarriage early pregnancy,SanText,25
67316,can fever cause miscarriage early pregnancy,can fever cause miscarriage early pregnancy,SanText,25
67316,can fever cause miscarriage early pregnancy,can fever cause miscarriage early pregnancy,SanText,25
67316,can fever cause miscarriage early pregnancy,can fever cause miscarriage early pregnancy,SanText,25
67316,can fever cause miscarriage early pregnancy,can fever cause miscarriage early pregnancy,SanText,25
67316,can fever cause miscarriage early pregnancy,can fever cause miscarriage early pregnancy,SanText,25
67316,can fever cause miscarriage early pregnancy,can fever cause miscarriage early pregnancy,SanText,25
67316,can fever cause miscarriage early pregnancy,can fever cause miscarriage early pregnancy,SanText,25
67316,can fever cause miscarriage early pregnancy,can fever cause miscarriage early pregnancy,SanText,25
67316,can fever cause miscarriage early pregnancy,can fever cause miscarriage early pregnancy,SanText,25
67316,can fever cause miscarriage early pregnancy,can fever cause miscarriage early pregnancy,SanText,25
673670,what is a alm,what is a alm,SanText,25
673670,what is a alm,what is a alm,SanText,25
673670,what is a alm,what is a alm,SanText,25
673670,what is a alm,what is a alm,SanText,25
673670,what is a alm,what is a alm,SanText,25
673670,what is a alm,what is a alm,SanText,25
673670,what is a alm,what is a alm,SanText,25
673670,what is a alm,what is a alm,SanText,25
673670,what is a alm,what is a alm,SanText,25
673670,what is a alm,what is a alm,SanText,25
673670,what is a alm,what is a alm,SanText,25
673670,what is a alm,what is a alm,SanText,25
673670,what is a alm,what is a alm,SanText,25
673670,what is a alm,what is a alm,SanText,25
673670,what is a alm,what is a alm,SanText,25
673670,what is a alm,what is a alm,SanText,25
673670,what is a alm,what is a alm,SanText,25
673670,what is a alm,what is a alm,SanText,25
673670,what is a alm,what is a alm,SanText,25
673670,what is a alm,what is a alm,SanText,25
673670,what is a alm,what is a alm,SanText,25
673670,what is a alm,what is a alm,SanText,25
673670,what is a alm,what is a alm,SanText,25
673670,what is a alm,what is a alm,SanText,25
673670,what is a alm,what is a alm,SanText,25
673670,what is a alm,what is a alm,SanText,25
673670,what is a alm,what is a alm,SanText,25
673670,what is a alm,what is a alm,SanText,25
673670,what is a alm,what is a alm,SanText,25
673670,what is a alm,what is a alm,SanText,25
673670,what is a alm,what is a alm,SanText,25
673670,what is a alm,what is a alm,SanText,25
673670,what is a alm,what is a alm,SanText,25
673670,what is a alm,what is a alm,SanText,25
673670,what is a alm,what is a alm,SanText,25
673670,what is a alm,what is a alm,SanText,25
673670,what is a alm,what is a alm,SanText,25
673670,what is a alm,what is a alm,SanText,25
673670,what is a alm,what is a alm,SanText,25
673670,what is a alm,what is a alm,SanText,25
673670,what is a alm,what is a alm,SanText,25
673670,what is a alm,what is a alm,SanText,25
673670,what is a alm,what is a alm,SanText,25
673670,what is a alm,what is a alm,SanText,25
673670,what is a alm,what is a alm,SanText,25
673670,what is a alm,what is a alm,SanText,25
673670,what is a alm,what is a alm,SanText,25
673670,what is a alm,what is a alm,SanText,25
673670,what is a alm,what is a alm,SanText,25
673670,what is a alm,what is a alm,SanText,25
701453,what is a statutory deed,what is a statutory deed,SanText,25
701453,what is a statutory deed,what is a statutory deed,SanText,25
701453,what is a statutory deed,what is a statutory deed,SanText,25
701453,what is a statutory deed,what is a statutory deed,SanText,25
701453,what is a statutory deed,what is a statutory deed,SanText,25
701453,what is a statutory deed,what is a statutory deed,SanText,25
701453,what is a statutory deed,what is a statutory deed,SanText,25
701453,what is a statutory deed,what is a statutory deed,SanText,25
701453,what is a statutory deed,what is a statutory deed,SanText,25
701453,what is a statutory deed,what is a statutory deed,SanText,25
701453,what is a statutory deed,what is a statutory deed,SanText,25
701453,what is a statutory deed,what is a statutory deed,SanText,25
701453,what is a statutory deed,what is a statutory deed,SanText,25
701453,what is a statutory deed,what is a statutory deed,SanText,25
701453,what is a statutory deed,what is a statutory deed,SanText,25
701453,what is a statutory deed,what is a statutory deed,SanText,25
701453,what is a statutory deed,what is a statutory deed,SanText,25
701453,what is a statutory deed,what is a statutory deed,SanText,25
701453,what is a statutory deed,what is a statutory deed,SanText,25
701453,what is a statutory deed,what is a statutory deed,SanText,25
701453,what is a statutory deed,what is a statutory deed,SanText,25
701453,what is a statutory deed,what is a statutory deed,SanText,25
701453,what is a statutory deed,what is a statutory deed,SanText,25
701453,what is a statutory deed,what is a statutory deed,SanText,25
701453,what is a statutory deed,what is a statutory deed,SanText,25
701453,what is a statutory deed,what is a statutory deed,SanText,25
701453,what is a statutory deed,what is a statutory deed,SanText,25
701453,what is a statutory deed,what is a statutory deed,SanText,25
701453,what is a statutory deed,what is a statutory deed,SanText,25
701453,what is a statutory deed,what is a statutory deed,SanText,25
701453,what is a statutory deed,what is a statutory deed,SanText,25
701453,what is a statutory deed,what is a statutory deed,SanText,25
701453,what is a statutory deed,what is a statutory deed,SanText,25
701453,what is a statutory deed,what is a statutory deed,SanText,25
701453,what is a statutory deed,what is a statutory deed,SanText,25
701453,what is a statutory deed,what is a statutory deed,SanText,25
701453,what is a statutory deed,what is a statutory deed,SanText,25
701453,what is a statutory deed,what is a statutory deed,SanText,25
701453,what is a statutory deed,what is a statutory deed,SanText,25
701453,what is a statutory deed,what is a statutory deed,SanText,25
701453,what is a statutory deed,what is a statutory deed,SanText,25
701453,what is a statutory deed,what is a statutory deed,SanText,25
701453,what is a statutory deed,what is a statutory deed,SanText,25
701453,what is a statutory deed,what is a statutory deed,SanText,25
701453,what is a statutory deed,what is a statutory deed,SanText,25
701453,what is a statutory deed,what is a statutory deed,SanText,25
701453,what is a statutory deed,what is a statutory deed,SanText,25
701453,what is a statutory deed,what is a statutory deed,SanText,25
701453,what is a statutory deed,what is a statutory deed,SanText,25
701453,what is a statutory deed,what is a statutory deed,SanText,25
730539,what is chronometer who invented it,what is chronometer who invented it,SanText,25
730539,what is chronometer who invented it,what is chronometer who invented it,SanText,25
730539,what is chronometer who invented it,what is chronometer who invented it,SanText,25
730539,what is chronometer who invented it,what is chronometer who invented it,SanText,25
730539,what is chronometer who invented it,what is chronometer who invented it,SanText,25
730539,what is chronometer who invented it,what is chronometer who invented it,SanText,25
730539,what is chronometer who invented it,what is chronometer who invented it,SanText,25
730539,what is chronometer who invented it,what is chronometer who invented it,SanText,25
730539,what is chronometer who invented it,what is chronometer who invented it,SanText,25
730539,what is chronometer who invented it,what is chronometer who invented it,SanText,25
730539,what is chronometer who invented it,what is chronometer who invented it,SanText,25
730539,what is chronometer who invented it,what is chronometer who invented it,SanText,25
730539,what is chronometer who invented it,what is chronometer who invented it,SanText,25
730539,what is chronometer who invented it,what is chronometer who invented it,SanText,25
730539,what is chronometer who invented it,what is chronometer who invented it,SanText,25
730539,what is chronometer who invented it,what is chronometer who invented it,SanText,25
730539,what is chronometer who invented it,what is chronometer who invented it,SanText,25
730539,what is chronometer who invented it,what is chronometer who invented it,SanText,25
730539,what is chronometer who invented it,what is chronometer who invented it,SanText,25
730539,what is chronometer who invented it,what is chronometer who invented it,SanText,25
730539,what is chronometer who invented it,what is chronometer who invented it,SanText,25
730539,what is chronometer who invented it,what is chronometer who invented it,SanText,25
730539,what is chronometer who invented it,what is chronometer who invented it,SanText,25
730539,what is chronometer who invented it,what is chronometer who invented it,SanText,25
730539,what is chronometer who invented it,what is chronometer who invented it,SanText,25
730539,what is chronometer who invented it,what is chronometer who invented it,SanText,25
730539,what is chronometer who invented it,what is chronometer who invented it,SanText,25
730539,what is chronometer who invented it,what is chronometer who invented it,SanText,25
730539,what is chronometer who invented it,what is chronometer who invented it,SanText,25
730539,what is chronometer who invented it,what is chronometer who invented it,SanText,25
730539,what is chronometer who invented it,what is chronometer who invented it,SanText,25
730539,what is chronometer who invented it,what is chronometer who invented it,SanText,25
730539,what is chronometer who invented it,what is chronometer who invented it,SanText,25
730539,what is chronometer who invented it,what is chronometer who invented it,SanText,25
730539,what is chronometer who invented it,what is chronometer who invented it,SanText,25
730539,what is chronometer who invented it,what is chronometer who invented it,SanText,25
730539,what is chronometer who invented it,what is chronometer who invented it,SanText,25
730539,what is chronometer who invented it,what is chronometer who invented it,SanText,25
730539,what is chronometer who invented it,what is chronometer who invented it,SanText,25
730539,what is chronometer who invented it,what is chronometer who invented it,SanText,25
730539,what is chronometer who invented it,what is chronometer who invented it,SanText,25
730539,what is chronometer who invented it,what is chronometer who invented it,SanText,25
730539,what is chronometer who invented it,what is chronometer who invented it,SanText,25
730539,what is chronometer who invented it,what is chronometer who invented it,SanText,25
730539,what is chronometer who invented it,what is chronometer who invented it,SanText,25
730539,what is chronometer who invented it,what is chronometer who invented it,SanText,25
730539,what is chronometer who invented it,what is chronometer who invented it,SanText,25
730539,what is chronometer who invented it,what is chronometer who invented it,SanText,25
730539,what is chronometer who invented it,what is chronometer who invented it,SanText,25
730539,what is chronometer who invented it,what is chronometer who invented it,SanText,25
768208,what is mamey,what is mamey,SanText,25
768208,what is mamey,what is mamey,SanText,25
768208,what is mamey,what is mamey,SanText,25
768208,what is mamey,what is mamey,SanText,25
768208,what is mamey,what is mamey,SanText,25
768208,what is mamey,what is mamey,SanText,25
768208,what is mamey,what is mamey,SanText,25
768208,what is mamey,what is mamey,SanText,25
768208,what is mamey,what is mamey,SanText,25
768208,what is mamey,what is mamey,SanText,25
768208,what is mamey,what is mamey,SanText,25
768208,what is mamey,what is mamey,SanText,25
768208,what is mamey,what is mamey,SanText,25
768208,what is mamey,what is mamey,SanText,25
768208,what is mamey,what is mamey,SanText,25
768208,what is mamey,what is mamey,SanText,25
768208,what is mamey,what is mamey,SanText,25
768208,what is mamey,what is mamey,SanText,25
768208,what is mamey,what is mamey,SanText,25
768208,what is mamey,what is mamey,SanText,25
768208,what is mamey,what is mamey,SanText,25
768208,what is mamey,what is mamey,SanText,25
768208,what is mamey,what is mamey,SanText,25
768208,what is mamey,what is mamey,SanText,25
768208,what is mamey,what is mamey,SanText,25
768208,what is mamey,what is mamey,SanText,25
768208,what is mamey,what is mamey,SanText,25
768208,what is mamey,what is mamey,SanText,25
768208,what is mamey,what is mamey,SanText,25
768208,what is mamey,what is mamey,SanText,25
768208,what is mamey,what is mamey,SanText,25
768208,what is mamey,what is mamey,SanText,25
768208,what is mamey,what is mamey,SanText,25
768208,what is mamey,what is mamey,SanText,25
768208,what is mamey,what is mamey,SanText,25
768208,what is mamey,what is mamey,SanText,25
768208,what is mamey,what is mamey,SanText,25
768208,what is mamey,what is mamey,SanText,25
768208,what is mamey,what is mamey,SanText,25
768208,what is mamey,what is mamey,SanText,25
768208,what is mamey,what is mamey,SanText,25
768208,what is mamey,what is mamey,SanText,25
768208,what is mamey,what is mamey,SanText,25
768208,what is mamey,what is mamey,SanText,25
768208,what is mamey,what is mamey,SanText,25
768208,what is mamey,what is mamey,SanText,25
768208,what is mamey,what is mamey,SanText,25
768208,what is mamey,what is mamey,SanText,25
768208,what is mamey,what is mamey,SanText,25
768208,what is mamey,what is mamey,SanText,25
877809,what metal are hip replacements made of,what metal are hip replacements made of,SanText,25
877809,what metal are hip replacements made of,what metal are hip replacements made of,SanText,25
877809,what metal are hip replacements made of,what metal are hip replacements made of,SanText,25
877809,what metal are hip replacements made of,what metal are hip replacements made of,SanText,25
877809,what metal are hip replacements made of,what metal are hip replacements made of,SanText,25
877809,what metal are hip replacements made of,what metal are hip replacements made of,SanText,25
877809,what metal are hip replacements made of,what metal are hip replacements made of,SanText,25
877809,what metal are hip replacements made of,what metal are hip replacements made of,SanText,25
877809,what metal are hip replacements made of,what metal are hip replacements made of,SanText,25
877809,what metal are hip replacements made of,what metal are hip replacements made of,SanText,25
877809,what metal are hip replacements made of,what metal are hip replacements made of,SanText,25
877809,what metal are hip replacements made of,what metal are hip replacements made of,SanText,25
877809,what metal are hip replacements made of,what metal are hip replacements made of,SanText,25
877809,what metal are hip replacements made of,what metal are hip replacements made of,SanText,25
877809,what metal are hip replacements made of,what metal are hip replacements made of,SanText,25
877809,what metal are hip replacements made of,what metal are hip replacements made of,SanText,25
877809,what metal are hip replacements made of,what metal are hip replacements made of,SanText,25
877809,what metal are hip replacements made of,what metal are hip replacements made of,SanText,25
877809,what metal are hip replacements made of,what metal are hip replacements made of,SanText,25
877809,what metal are hip replacements made of,what metal are hip replacements made of,SanText,25
877809,what metal are hip replacements made of,what metal are hip replacements made of,SanText,25
877809,what metal are hip replacements made of,what metal are hip replacements made of,SanText,25
877809,what metal are hip replacements made of,what metal are hip replacements made of,SanText,25
877809,what metal are hip replacements made of,what metal are hip replacements made of,SanText,25
877809,what metal are hip replacements made of,what metal are hip replacements made of,SanText,25
877809,what metal are hip replacements made of,what metal are hip replacements made of,SanText,25
877809,what metal are hip replacements made of,what metal are hip replacements made of,SanText,25
877809,what metal are hip replacements made of,what metal are hip replacements made of,SanText,25
877809,what metal are hip replacements made of,what metal are hip replacements made of,SanText,25
877809,what metal are hip replacements made of,what metal are hip replacements made of,SanText,25
877809,what metal are hip replacements made of,what metal are hip replacements made of,SanText,25
877809,what metal are hip replacements made of,what metal are hip replacements made of,SanText,25
877809,what metal are hip replacements made of,what metal are hip replacements made of,SanText,25
877809,what metal are hip replacements made of,what metal are hip replacements made of,SanText,25
877809,what metal are hip replacements made of,what metal are hip replacements made of,SanText,25
877809,what metal are hip replacements made of,what metal are hip replacements made of,SanText,25
877809,what metal are hip replacements made of,what metal are hip replacements made of,SanText,25
877809,what metal are hip replacements made of,what metal are hip replacements made of,SanText,25
877809,what metal are hip replacements made of,what metal are hip replacements made of,SanText,25
877809,what metal are hip replacements made of,what metal are hip replacements made of,SanText,25
877809,what metal are hip replacements made of,what metal are hip replacements made of,SanText,25
877809,what metal are hip replacements made of,what metal are hip replacements made of,SanText,25
877809,what metal are hip replacements made of,what metal are hip replacements made of,SanText,25
877809,what metal are hip replacements made of,what metal are hip replacements made of,SanText,25
877809,what metal are hip replacements made of,what metal are hip replacements made of,SanText,25
877809,what metal are hip replacements made of,what metal are hip replacements made of,SanText,25
877809,what metal are hip replacements made of,what metal are hip replacements made of,SanText,25
877809,what metal are hip replacements made of,what metal are hip replacements made of,SanText,25
877809,what metal are hip replacements made of,what metal are hip replacements made of,SanText,25
877809,what metal are hip replacements made of,what metal are hip replacements made of,SanText,25
911232,"what type of conflict does della face in o, henry the gift of the magi",what type of conflict does della face in latest henry the gift of the magi,SanText,25
911232,"what type of conflict does della face in o, henry the gift of the magi",what type of conflict does della face in donovans henry the gift of the magi,SanText,25
911232,"what type of conflict does della face in o, henry the gift of the magi",what type of conflict does della face in keely henry the gift of the magi,SanText,25
911232,"what type of conflict does della face in o, henry the gift of the magi",what type of conflict does della face in 63-37 henry the gift of the magi,SanText,25
911232,"what type of conflict does della face in o, henry the gift of the magi",what type of conflict does della face in accident henry the gift of the magi,SanText,25
911232,"what type of conflict does della face in o, henry the gift of the magi",what type of conflict does della face in m&gn henry the gift of the magi,SanText,25
911232,"what type of conflict does della face in o, henry the gift of the magi",what type of conflict does della face in breakdown henry the gift of the magi,SanText,25
911232,"what type of conflict does della face in o, henry the gift of the magi",what type of conflict does della face in m&gn henry the gift of the magi,SanText,25
911232,"what type of conflict does della face in o, henry the gift of the magi",what type of conflict does della face in seat henry the gift of the magi,SanText,25
911232,"what type of conflict does della face in o, henry the gift of the magi",what type of conflict does della face in cauthen henry the gift of the magi,SanText,25
911232,"what type of conflict does della face in o, henry the gift of the magi",what type of conflict does della face in o'connell henry the gift of the magi,SanText,25
911232,"what type of conflict does della face in o, henry the gift of the magi",what type of conflict does della face in both henry the gift of the magi,SanText,25
911232,"what type of conflict does della face in o, henry the gift of the magi",what type of conflict does della face in smith henry the gift of the magi,SanText,25
911232,"what type of conflict does della face in o, henry the gift of the magi",what type of conflict does della face in edmondson henry the gift of the magi,SanText,25
911232,"what type of conflict does della face in o, henry the gift of the magi",what type of conflict does della face in mini henry the gift of the magi,SanText,25
911232,"what type of conflict does della face in o, henry the gift of the magi",what type of conflict does della face in warren henry the gift of the magi,SanText,25
911232,"what type of conflict does della face in o, henry the gift of the magi",what type of conflict does della face in catalyst henry the gift of the magi,SanText,25
911232,"what type of conflict does della face in o, henry the gift of the magi",what type of conflict does della face in smith henry the gift of the magi,SanText,25
911232,"what type of conflict does della face in o, henry the gift of the magi",what type of conflict does della face in glazier henry the gift of the magi,SanText,25
911232,"what type of conflict does della face in o, henry the gift of the magi",what type of conflict does della face in weekend henry the gift of the magi,SanText,25
911232,"what type of conflict does della face in o, henry the gift of the magi",what type of conflict does della face in macmullan@globe.com henry the gift of the magi,SanText,25
911232,"what type of conflict does della face in o, henry the gift of the magi",what type of conflict does della face in k587-1 henry the gift of the magi,SanText,25
911232,"what type of conflict does della face in o, henry the gift of the magi",what type of conflict does della face in outboard henry the gift of the magi,SanText,25
911232,"what type of conflict does della face in o, henry the gift of the magi",what type of conflict does della face in mini henry the gift of the magi,SanText,25
911232,"what type of conflict does della face in o, henry the gift of the magi",what type of conflict does della face in capri henry the gift of the magi,SanText,25
911232,"what type of conflict does della face in o, henry the gift of the magi",what type of conflict does della face in medeiros henry the gift of the magi,SanText,25
911232,"what type of conflict does della face in o, henry the gift of the magi",what type of conflict does della face in mini henry the gift of the magi,SanText,25
911232,"what type of conflict does della face in o, henry the gift of the magi",what type of conflict does della face in smith henry the gift of the magi,SanText,25
911232,"what type of conflict does della face in o, henry the gift of the magi",what type of conflict does della face in keil henry the gift of the magi,SanText,25
911232,"what type of conflict does della face in o, henry the gift of the magi",what type of conflict does della face in m&gn henry the gift of the magi,SanText,25
911232,"what type of conflict does della face in o, henry the gift of the magi",what type of conflict does della face in car henry the gift of the magi,SanText,25
911232,"what type of conflict does della face in o, henry the gift of the magi",what type of conflict does della face in eftekhari henry the gift of the magi,SanText,25
911232,"what type of conflict does della face in o, henry the gift of the magi",what type of conflict does della face in m&gn henry the gift of the magi,SanText,25
911232,"what type of conflict does della face in o, henry the gift of the magi",what type of conflict does della face in keely henry the gift of the magi,SanText,25
911232,"what type of conflict does della face in o, henry the gift of the magi",what type of conflict does della face in capri henry the gift of the magi,SanText,25
911232,"what type of conflict does della face in o, henry the gift of the magi",what type of conflict does della face in burton henry the gift of the magi,SanText,25
911232,"what type of conflict does della face in o, henry the gift of the magi",what type of conflict does della face in budd henry the gift of the magi,SanText,25
911232,"what type of conflict does della face in o, henry the gift of the magi",what type of conflict does della face in thirds henry the gift of the magi,SanText,25
911232,"what type of conflict does della face in o, henry the gift of the magi",what type of conflict does della face in warren henry the gift of the magi,SanText,25
911232,"what type of conflict does della face in o, henry the gift of the magi",what type of conflict does della face in grij henry the gift of the magi,SanText,25
911232,"what type of conflict does della face in o, henry the gift of the magi",what type of conflict does della face in rohsh henry the gift of the magi,SanText,25
911232,"what type of conflict does della face in o, henry the gift of the magi",what type of conflict does della face in invention henry the gift of the magi,SanText,25
911232,"what type of conflict does della face in o, henry the gift of the magi",what type of conflict does della face in impossible henry the gift of the magi,SanText,25
911232,"what type of conflict does della face in o, henry the gift of the magi",what type of conflict does della face in capri henry the gift of the magi,SanText,25
911232,"what type of conflict does della face in o, henry the gift of the magi",what type of conflict does della face in quinn henry the gift of the magi,SanText,25
911232,"what type of conflict does della face in o, henry the gift of the magi",what type of conflict does della face in m&gn henry the gift of the magi,SanText,25
911232,"what type of conflict does della face in o, henry the gift of the magi",what type of conflict does della face in hodgman henry the gift of the magi,SanText,25
911232,"what type of conflict does della face in o, henry the gift of the magi",what type of conflict does della face in photocell henry the gift of the magi,SanText,25
911232,"what type of conflict does della face in o, henry the gift of the magi",what type of conflict does della face in m&gn henry the gift of the magi,SanText,25
911232,"what type of conflict does della face in o, henry the gift of the magi",what type of conflict does della face in jēkabpils henry the gift of the magi,SanText,25
914916,what type of tissue are bronchioles,what type of tissue are bronchioles,SanText,25
914916,what type of tissue are bronchioles,what type of tissue are bronchioles,SanText,25
914916,what type of tissue are bronchioles,what type of tissue are bronchioles,SanText,25
914916,what type of tissue are bronchioles,what type of tissue are bronchioles,SanText,25
914916,what type of tissue are bronchioles,what type of tissue are bronchioles,SanText,25
914916,what type of tissue are bronchioles,what type of tissue are bronchioles,SanText,25
914916,what type of tissue are bronchioles,what type of tissue are bronchioles,SanText,25
914916,what type of tissue are bronchioles,what type of tissue are bronchioles,SanText,25
914916,what type of tissue are bronchioles,what type of tissue are bronchioles,SanText,25
914916,what type of tissue are bronchioles,what type of tissue are bronchioles,SanText,25
914916,what type of tissue are bronchioles,what type of tissue are bronchioles,SanText,25
914916,what type of tissue are bronchioles,what type of tissue are bronchioles,SanText,25
914916,what type of tissue are bronchioles,what type of tissue are bronchioles,SanText,25
914916,what type of tissue are bronchioles,what type of tissue are bronchioles,SanText,25
914916,what type of tissue are bronchioles,what type of tissue are bronchioles,SanText,25
914916,what type of tissue are bronchioles,what type of tissue are bronchioles,SanText,25
914916,what type of tissue are bronchioles,what type of tissue are bronchioles,SanText,25
914916,what type of tissue are bronchioles,what type of tissue are bronchioles,SanText,25
914916,what type of tissue are bronchioles,what type of tissue are bronchioles,SanText,25
914916,what type of tissue are bronchioles,what type of tissue are bronchioles,SanText,25
914916,what type of tissue are bronchioles,what type of tissue are bronchioles,SanText,25
914916,what type of tissue are bronchioles,what type of tissue are bronchioles,SanText,25
914916,what type of tissue are bronchioles,what type of tissue are bronchioles,SanText,25
914916,what type of tissue are bronchioles,what type of tissue are bronchioles,SanText,25
914916,what type of tissue are bronchioles,what type of tissue are bronchioles,SanText,25
914916,what type of tissue are bronchioles,what type of tissue are bronchioles,SanText,25
914916,what type of tissue are bronchioles,what type of tissue are bronchioles,SanText,25
914916,what type of tissue are bronchioles,what type of tissue are bronchioles,SanText,25
914916,what type of tissue are bronchioles,what type of tissue are bronchioles,SanText,25
914916,what type of tissue are bronchioles,what type of tissue are bronchioles,SanText,25
914916,what type of tissue are bronchioles,what type of tissue are bronchioles,SanText,25
914916,what type of tissue are bronchioles,what type of tissue are bronchioles,SanText,25
914916,what type of tissue are bronchioles,what type of tissue are bronchioles,SanText,25
914916,what type of tissue are bronchioles,what type of tissue are bronchioles,SanText,25
914916,what type of tissue are bronchioles,what type of tissue are bronchioles,SanText,25
914916,what type of tissue are bronchioles,what type of tissue are bronchioles,SanText,25
914916,what type of tissue are bronchioles,what type of tissue are bronchioles,SanText,25
914916,what type of tissue are bronchioles,what type of tissue are bronchioles,SanText,25
914916,what type of tissue are bronchioles,what type of tissue are bronchioles,SanText,25
914916,what type of tissue are bronchioles,what type of tissue are bronchioles,SanText,25
914916,what type of tissue are bronchioles,what type of tissue are bronchioles,SanText,25
914916,what type of tissue are bronchioles,what type of tissue are bronchioles,SanText,25
914916,what type of tissue are bronchioles,what type of tissue are bronchioles,SanText,25
914916,what type of tissue are bronchioles,what type of tissue are bronchioles,SanText,25
914916,what type of tissue are bronchioles,what type of tissue are bronchioles,SanText,25
914916,what type of tissue are bronchioles,what type of tissue are bronchioles,SanText,25
914916,what type of tissue are bronchioles,what type of tissue are bronchioles,SanText,25
914916,what type of tissue are bronchioles,what type of tissue are bronchioles,SanText,25
914916,what type of tissue are bronchioles,what type of tissue are bronchioles,SanText,25
914916,what type of tissue are bronchioles,what type of tissue are bronchioles,SanText,25
938400,when did family feud come out?,when did family feud come whether,SanText,25
938400,when did family feud come out?,when did family feud come srivalo,SanText,25
938400,when did family feud come out?,when did family feud come semi-annual,SanText,25
938400,when did family feud come out?,when did family feud come skinner,SanText,25
938400,when did family feud come out?,when did family feud come whin,SanText,25
938400,when did family feud come out?,when did family feud come kd95,SanText,25
938400,when did family feud come out?,when did family feud come wuhr,SanText,25
938400,when did family feud come out?,when did family feud come absence,SanText,25
938400,when did family feud come out?,when did family feud come capitalise,SanText,25
938400,when did family feud come out?,when did family feud come signals,SanText,25
938400,when did family feud come out?,when did family feud come uscentcom,SanText,25
938400,when did family feud come out?,when did family feud come srivalo,SanText,25
938400,when did family feud come out?,when did family feud come nichols,SanText,25
938400,when did family feud come out?,when did family feud come supercharges,SanText,25
938400,when did family feud come out?,when did family feud come vehs,SanText,25
938400,when did family feud come out?,when did family feud come tiru,SanText,25
938400,when did family feud come out?,when did family feud come utilized,SanText,25
938400,when did family feud come out?,when did family feud come gph04bb,SanText,25
938400,when did family feud come out?,when did family feud come glay,SanText,25
938400,when did family feud come out?,when did family feud come glay,SanText,25
938400,when did family feud come out?,when did family feud come reams,SanText,25
938400,when did family feud come out?,when did family feud come alluding,SanText,25
938400,when did family feud come out?,when did family feud come indicated,SanText,25
938400,when did family feud come out?,when did family feud come domestically,SanText,25
938400,when did family feud come out?,when did family feud come unwilling,SanText,25
938400,when did family feud come out?,when did family feud come signal,SanText,25
938400,when did family feud come out?,when did family feud come utilised,SanText,25
938400,when did family feud come out?,when did family feud come discriminatory,SanText,25
938400,when did family feud come out?,when did family feud come whin,SanText,25
938400,when did family feud come out?,when did family feud come understandably,SanText,25
938400,when did family feud come out?,when did family feud come whin,SanText,25
938400,when did family feud come out?,when did family feud come mo95,SanText,25
938400,when did family feud come out?,when did family feud come hnkj,SanText,25
938400,when did family feud come out?,when did family feud come bcc,SanText,25
938400,when did family feud come out?,when did family feud come whin,SanText,25
938400,when did family feud come out?,when did family feud come whin,SanText,25
938400,when did family feud come out?,when did family feud come quickening,SanText,25
938400,when did family feud come out?,when did family feud come ekka,SanText,25
938400,when did family feud come out?,when did family feud come construed,SanText,25
938400,when did family feud come out?,when did family feud come www.caib.us,SanText,25
938400,when did family feud come out?,when did family feud come misattributed,SanText,25
938400,when did family feud come out?,when did family feud come whin,SanText,25
938400,when did family feud come out?,when did family feud come indicates,SanText,25
938400,when did family feud come out?,when did family feud come 24aou94,SanText,25
938400,when did family feud come out?,when did family feud come unwilling,SanText,25
938400,when did family feud come out?,when did family feud come tulipa,SanText,25
938400,when did family feud come out?,when did family feud come unwilling,SanText,25
938400,when did family feud come out?,when did family feud come biotechtrst,SanText,25
938400,when did family feud come out?,when did family feud come 444-8651,SanText,25
938400,when did family feud come out?,when did family feud come kcfw2.kcstar.com,SanText,25
940547,when did rock n roll begin?,when did rock n roll acting,SanText,25
940547,when did rock n roll begin?,when did rock n roll thoas,SanText,25
940547,when did rock n roll begin?,when did rock n roll 48-year,SanText,25
940547,when did rock n roll begin?,when did rock n roll avocation,SanText,25
940547,when did rock n roll begin?,when did rock n roll hinting,SanText,25
940547,when did rock n roll begin?,when did rock n roll .0613,SanText,25
940547,when did rock n roll begin?,when did rock n roll 19-year-old,SanText,25
940547,when did rock n roll begin?,when did rock n roll ousting,SanText,25
940547,when did rock n roll begin?,when did rock n roll unexpectedly,SanText,25
940547,when did rock n roll begin?,when did rock n roll collaborating,SanText,25
940547,when did rock n roll begin?,when did rock n roll vimmerby,SanText,25
940547,when did rock n roll begin?,when did rock n roll hungering,SanText,25
940547,when did rock n roll begin?,when did rock n roll fearsome,SanText,25
940547,when did rock n roll begin?,when did rock n roll unexpectedly,SanText,25
940547,when did rock n roll begin?,when did rock n roll chiseled,SanText,25
940547,when did rock n roll begin?,when did rock n roll scolding,SanText,25
940547,when did rock n roll begin?,when did rock n roll fatally,SanText,25
940547,when did rock n roll begin?,when did rock n roll switched,SanText,25
940547,when did rock n roll begin?,when did rock n roll re-constituted,SanText,25
940547,when did rock n roll begin?,when did rock n roll storekeeper,SanText,25
940547,when did rock n roll begin?,when did rock n roll 47-year,SanText,25
940547,when did rock n roll begin?,when did rock n roll impersonating,SanText,25
940547,when did rock n roll begin?,when did rock n roll acquaintance,SanText,25
940547,when did rock n roll begin?,when did rock n roll lunching,SanText,25
940547,when did rock n roll begin?,when did rock n roll nortelnet,SanText,25
940547,when did rock n roll begin?,when did rock n roll bunkmates,SanText,25
940547,when did rock n roll begin?,when did rock n roll 58-year,SanText,25
940547,when did rock n roll begin?,when did rock n roll storekeeper,SanText,25
940547,when did rock n roll begin?,when did rock n roll co-factor,SanText,25
940547,when did rock n roll begin?,when did rock n roll employer,SanText,25
940547,when did rock n roll begin?,when did rock n roll .2666,SanText,25
940547,when did rock n roll begin?,when did rock n roll impersonating,SanText,25
940547,when did rock n roll begin?,when did rock n roll businessworld,SanText,25
940547,when did rock n roll begin?,when did rock n roll airbourne,SanText,25
940547,when did rock n roll begin?,when did rock n roll acquaintance,SanText,25
940547,when did rock n roll begin?,when did rock n roll phertzberg@nytimes.com,SanText,25
940547,when did rock n roll begin?,when did rock n roll smallish,SanText,25
940547,when did rock n roll begin?,when did rock n roll questioner,SanText,25
940547,when did rock n roll begin?,when did rock n roll storekeeper,SanText,25
940547,when did rock n roll begin?,when did rock n roll ousting,SanText,25
940547,when did rock n roll begin?,when did rock n roll unfriendly,SanText,25
940547,when did rock n roll begin?,when did rock n roll pulakesi,SanText,25
940547,when did rock n roll begin?,when did rock n roll godred,SanText,25
940547,when did rock n roll begin?,when did rock n roll colleague,SanText,25
940547,when did rock n roll begin?,when did rock n roll garroted,SanText,25
940547,when did rock n roll begin?,when did rock n roll 47-year,SanText,25
940547,when did rock n roll begin?,when did rock n roll 29-year-old,SanText,25
940547,when did rock n roll begin?,when did rock n roll recipefinder@baltsun.com,SanText,25
940547,when did rock n roll begin?,when did rock n roll ousting,SanText,25
940547,when did rock n roll begin?,when did rock n roll typesetter,SanText,25
997622,where is the show shameless filmed,where is the show shameless filmed,SanText,25
997622,where is the show shameless filmed,where is the show shameless filmed,SanText,25
997622,where is the show shameless filmed,where is the show shameless filmed,SanText,25
997622,where is the show shameless filmed,where is the show shameless filmed,SanText,25
997622,where is the show shameless filmed,where is the show shameless filmed,SanText,25
997622,where is the show shameless filmed,where is the show shameless filmed,SanText,25
997622,where is the show shameless filmed,where is the show shameless filmed,SanText,25
997622,where is the show shameless filmed,where is the show shameless filmed,SanText,25
997622,where is the show shameless filmed,where is the show shameless filmed,SanText,25
997622,where is the show shameless filmed,where is the show shameless filmed,SanText,25
997622,where is the show shameless filmed,where is the show shameless filmed,SanText,25
997622,where is the show shameless filmed,where is the show shameless filmed,SanText,25
997622,where is the show shameless filmed,where is the show shameless filmed,SanText,25
997622,where is the show shameless filmed,where is the show shameless filmed,SanText,25
997622,where is the show shameless filmed,where is the show shameless filmed,SanText,25
997622,where is the show shameless filmed,where is the show shameless filmed,SanText,25
997622,where is the show shameless filmed,where is the show shameless filmed,SanText,25
997622,where is the show shameless filmed,where is the show shameless filmed,SanText,25
997622,where is the show shameless filmed,where is the show shameless filmed,SanText,25
997622,where is the show shameless filmed,where is the show shameless filmed,SanText,25
997622,where is the show shameless filmed,where is the show shameless filmed,SanText,25
997622,where is the show shameless filmed,where is the show shameless filmed,SanText,25
997622,where is the show shameless filmed,where is the show shameless filmed,SanText,25
997622,where is the show shameless filmed,where is the show shameless filmed,SanText,25
997622,where is the show shameless filmed,where is the show shameless filmed,SanText,25
997622,where is the show shameless filmed,where is the show shameless filmed,SanText,25
997622,where is the show shameless filmed,where is the show shameless filmed,SanText,25
997622,where is the show shameless filmed,where is the show shameless filmed,SanText,25
997622,where is the show shameless filmed,where is the show shameless filmed,SanText,25
997622,where is the show shameless filmed,where is the show shameless filmed,SanText,25
997622,where is the show shameless filmed,where is the show shameless filmed,SanText,25
997622,where is the show shameless filmed,where is the show shameless filmed,SanText,25
997622,where is the show shameless filmed,where is the show shameless filmed,SanText,25
997622,where is the show shameless filmed,where is the show shameless filmed,SanText,25
997622,where is the show shameless filmed,where is the show shameless filmed,SanText,25
997622,where is the show shameless filmed,where is the show shameless filmed,SanText,25
997622,where is the show shameless filmed,where is the show shameless filmed,SanText,25
997622,where is the show shameless filmed,where is the show shameless filmed,SanText,25
997622,where is the show shameless filmed,where is the show shameless filmed,SanText,25
997622,where is the show shameless filmed,where is the show shameless filmed,SanText,25
997622,where is the show shameless filmed,where is the show shameless filmed,SanText,25
997622,where is the show shameless filmed,where is the show shameless filmed,SanText,25
997622,where is the show shameless filmed,where is the show shameless filmed,SanText,25
997622,where is the show shameless filmed,where is the show shameless filmed,SanText,25
997622,where is the show shameless filmed,where is the show shameless filmed,SanText,25
997622,where is the show shameless filmed,where is the show shameless filmed,SanText,25
997622,where is the show shameless filmed,where is the show shameless filmed,SanText,25
997622,where is the show shameless filmed,where is the show shameless filmed,SanText,25
997622,where is the show shameless filmed,where is the show shameless filmed,SanText,25
997622,where is the show shameless filmed,where is the show shameless filmed,SanText,25
